1.331500	0.003471
1.334103	0.003471
1.336705	0.003471
1.339308	0.003471
1.341910	0.003471
1.344513	0.003471
1.347116	0.003471
1.349718	0.003471
1.352321	0.003471
1.354923	0.003471
1.357526	0.003471
1.360129	0.003471
1.362731	0.003471
1.365334	0.003471
1.367936	0.003471
1.370539	0.003471
1.373142	0.003471
1.375744	0.003471
1.378347	0.003471
1.380949	0.003471
1.383552	0.003471
1.386155	0.003471
1.388757	0.003471
1.391360	0.003471
1.393962	0.003471
1.396565	0.003471
1.399168	0.003471
1.401770	0.003471
1.404373	0.003471
1.406975	0.003471
1.409578	0.003471
1.412181	0.003472
1.414783	0.003472
1.417386	0.003472
1.419988	0.003472
1.422591	0.003472
1.425194	0.003472
1.427796	0.003472
1.430399	0.003472
1.433002	0.003472
1.435604	0.003472
1.438207	0.003472
1.440809	0.003472
1.443412	0.003472
1.446015	0.003472
1.448617	0.003472
1.451220	0.003472
1.453822	0.003472
1.456425	0.003472
1.459028	0.003472
1.461630	0.003472
1.464233	0.003473
1.466835	0.003473
1.469438	0.003473
1.472041	0.003473
1.474643	0.003473
1.477246	0.003473
1.479848	0.003473
1.482451	0.003473
1.485054	0.003473
1.487656	0.003473
1.490259	0.003473
1.492861	0.003473
1.495464	0.003473
1.498067	0.003473
1.500669	0.003473
1.503272	0.003473
1.505874	0.003473
1.508477	0.003473
1.511080	0.003473
1.513682	0.003473
1.516285	0.003473
1.518887	0.003474
1.521490	0.003474
1.524093	0.003474
1.526695	0.003474
1.529298	0.003474
1.531900	0.003474
1.534503	0.003474
1.537106	0.003474
1.539708	0.003474
1.542311	0.003474
1.544913	0.003474
1.547516	0.003474
1.550119	0.003474
1.552721	0.003474
1.555324	0.003474
1.557926	0.003475
1.560529	0.003475
1.563132	0.003475
1.565734	0.003475
1.568337	0.003475
1.570939	0.003475
1.573542	0.003475
1.576145	0.003475
1.578747	0.003475
1.581350	0.003475
1.583952	0.003476
1.586555	0.003476
1.589158	0.003476
1.591760	0.003476
1.594363	0.003476
1.596965	0.003476
1.599568	0.003476
1.602171	0.003476
1.604773	0.003476
1.607376	0.003477
1.609978	0.003477
1.612581	0.003477
1.615184	0.003477
1.617786	0.003477
1.620389	0.003477
1.622991	0.003477
1.625594	0.003478
1.628197	0.003478
1.630799	0.003478
1.633402	0.003478
1.636005	0.003478
1.638607	0.003478
1.641210	0.003479
1.643812	0.003479
1.646415	0.003479
1.649018	0.003479
1.651620	0.003479
1.654223	0.003479
1.656825	0.003480
1.659428	0.003480
1.662031	0.003480
1.664633	0.003480
1.667236	0.003481
1.669838	0.003481
1.672441	0.003481
1.675044	0.003481
1.677646	0.003482
1.680249	0.003482
1.682851	0.003482
1.685454	0.003482
1.688057	0.003483
1.690659	0.003483
1.693262	0.003483
1.695864	0.003483
1.698467	0.003484
1.701070	0.003484
1.703672	0.003484
1.706275	0.003484
1.708877	0.003485
1.711480	0.003485
1.714083	0.003485
1.716685	0.003486
1.719288	0.003486
1.721890	0.003487
1.724493	0.003487
1.727096	0.003487
1.729698	0.003488
1.732301	0.003488
1.734903	0.003488
1.737506	0.003489
1.740109	0.003489
1.742711	0.003489
1.745314	0.003490
1.747916	0.003490
1.750519	0.003490
1.753122	0.003491
1.755724	0.003491
1.758327	0.003491
1.760929	0.003492
1.763532	0.003492
1.766135	0.003493
1.768737	0.003493
1.771340	0.003494
1.773942	0.003494
1.776545	0.003494
1.779148	0.003495
1.781750	0.003495
1.784353	0.003496
1.786955	0.003496
1.789558	0.003497
1.792161	0.003497
1.794763	0.003498
1.797366	0.003498
1.799968	0.003498
1.802571	0.003499
1.805174	0.003499
1.807776	0.003500
1.810379	0.003500
1.812981	0.003501
1.815584	0.003502
1.818187	0.003502
1.820789	0.003503
1.823392	0.003504
1.825994	0.003504
1.828597	0.003505
1.831200	0.003506
1.833802	0.003507
1.836405	0.003507
1.839008	0.003508
1.841610	0.003509
1.844213	0.003509
1.846815	0.003510
1.849418	0.003511
1.852021	0.003511
1.854623	0.003512
1.857226	0.003513
1.859828	0.003513
1.862431	0.003514
1.865034	0.003515
1.867636	0.003516
1.870239	0.003518
1.872841	0.003519
1.875444	0.003520
1.878047	0.003521
1.880649	0.003522
1.883252	0.003524
1.885854	0.003525
1.888457	0.003526
1.891060	0.003527
1.893662	0.003528
1.896265	0.003529
1.898867	0.003531
1.901470	0.003532
1.904073	0.003533
1.906675	0.003534
1.909278	0.003535
1.911880	0.003537
1.914483	0.003538
1.917086	0.003539
1.919688	0.003541
1.922291	0.003543
1.924893	0.003544
1.927496	0.003546
1.930099	0.003548
1.932701	0.003550
1.935304	0.003551
1.937906	0.003553
1.940509	0.003555
1.943112	0.003556
1.945714	0.003558
1.948317	0.003560
1.950919	0.003562
1.953522	0.003563
1.956125	0.003565
1.958727	0.003567
1.961330	0.003568
1.963932	0.003570
1.966535	0.003572
1.969138	0.003574
1.971740	0.003576
1.974343	0.003579
1.976945	0.003581
1.979548	0.003584
1.982151	0.003586
1.984753	0.003589
1.987356	0.003591
1.989958	0.003593
1.992561	0.003596
1.995164	0.003598
1.997766	0.003601
2.000369	0.003603
2.002971	0.003606
2.005574	0.003608
2.008177	0.003611
2.010779	0.003613
2.013382	0.003616
2.015984	0.003618
2.018587	0.003620
2.021190	0.003623
2.023792	0.003626
2.026395	0.003629
2.028997	0.003633
2.031600	0.003636
2.034203	0.003639
2.036805	0.003643
2.039408	0.003646
2.042011	0.003649
2.044613	0.003652
2.047216	0.003656
2.049818	0.003659
2.052421	0.003662
2.055024	0.003666
2.057626	0.003669
2.060229	0.003672
2.062831	0.003675
2.065434	0.003679
2.068037	0.003682
2.070639	0.003685
2.073242	0.003689
2.075844	0.003692
2.078447	0.003697
2.081050	0.003701
2.083652	0.003705
2.086255	0.003710
2.088857	0.003714
2.091460	0.003718
2.094063	0.003723
2.096665	0.003727
2.099268	0.003731
2.101870	0.003736
2.104473	0.003740
2.107076	0.003744
2.109678	0.003749
2.112281	0.003753
2.114883	0.003757
2.117486	0.003762
2.120089	0.003766
2.122691	0.003770
2.125294	0.003774
2.127896	0.003779
2.130499	0.003785
2.133102	0.003790
2.135704	0.003796
2.138307	0.003801
2.140909	0.003807
2.143512	0.003812
2.146115	0.003818
2.148717	0.003823
2.151320	0.003829
2.153922	0.003834
2.156525	0.003840
2.159128	0.003846
2.161730	0.003851
2.164333	0.003857
2.166935	0.003862
2.169538	0.003868
2.172141	0.003873
2.174743	0.003879
2.177346	0.003884
2.179948	0.003890
2.182551	0.003896
2.185154	0.003903
2.187756	0.003910
2.190359	0.003917
2.192961	0.003924
2.195564	0.003931
2.198167	0.003938
2.200769	0.003945
2.203372	0.003951
2.205974	0.003958
2.208577	0.003965
2.211180	0.003972
2.213782	0.003979
2.216385	0.003986
2.218987	0.003993
2.221590	0.003999
2.224193	0.004006
2.226795	0.004013
2.229398	0.004020
2.232001	0.004027
2.234603	0.004035
2.237206	0.004043
2.239808	0.004052
2.242411	0.004061
2.245014	0.004069
2.247616	0.004078
2.250219	0.004087
2.252821	0.004095
2.255424	0.004104
2.258027	0.004113
2.260629	0.004121
2.263232	0.004130
2.265834	0.004139
2.268437	0.004147
2.271040	0.004156
2.273642	0.004165
2.276245	0.004173
2.278847	0.004182
2.281450	0.004191
2.284053	0.004199
2.286655	0.004208
2.289258	0.004219
2.291860	0.004230
2.294463	0.004240
2.297066	0.004251
2.299668	0.004261
2.302271	0.004272
2.304873	0.004283
2.307476	0.004293
2.310079	0.004304
2.312681	0.004315
2.315284	0.004325
2.317886	0.004336
2.320489	0.004347
2.323092	0.004357
2.325694	0.004368
2.328297	0.004379
2.330899	0.004389
2.333502	0.004400
2.336105	0.004410
2.338707	0.004421
2.341310	0.004433
2.343912	0.004446
2.346515	0.004459
2.349118	0.004471
2.351720	0.004484
2.354323	0.004497
2.356925	0.004510
2.359528	0.004522
2.362131	0.004535
2.364733	0.004548
2.367336	0.004561
2.369938	0.004573
2.372541	0.004586
2.375144	0.004599
2.377746	0.004612
2.380349	0.004624
2.382951	0.004637
2.385554	0.004650
2.388157	0.004663
2.390759	0.004675
2.393362	0.004689
2.395964	0.004704
2.398567	0.004719
2.401170	0.004734
2.403772	0.004749
2.406375	0.004764
2.408977	0.004780
2.411580	0.004795
2.414183	0.004810
2.416785	0.004825
2.419388	0.004840
2.421990	0.004855
2.424593	0.004871
2.427196	0.004886
2.429798	0.004901
2.432401	0.004916
2.435004	0.004931
2.437606	0.004946
2.440209	0.004962
2.442811	0.004977
2.445414	0.004992
2.448017	0.005009
2.450619	0.005027
2.453222	0.005045
2.455824	0.005062
2.458427	0.005080
2.461030	0.005098
2.463632	0.005116
2.466235	0.005134
2.468837	0.005151
2.471440	0.005169
2.474043	0.005187
2.476645	0.005205
2.479248	0.005222
2.481850	0.005240
2.484453	0.005258
2.487056	0.005276
2.489658	0.005293
2.492261	0.005311
2.494863	0.005329
2.497466	0.005347
2.500069	0.005366
2.502671	0.005386
2.505274	0.005407
2.507876	0.005428
2.510479	0.005448
2.513082	0.005469
2.515684	0.005490
2.518287	0.005510
2.520889	0.005531
2.523492	0.005552
2.526095	0.005572
2.528697	0.005593
2.531300	0.005613
2.533902	0.005634
2.536505	0.005655
2.539108	0.005675
2.541710	0.005696
2.544313	0.005717
2.546915	0.005737
2.549518	0.005758
2.552121	0.005779
2.554723	0.005803
2.557326	0.005826
2.559928	0.005850
2.562531	0.005874
2.565134	0.005898
2.567736	0.005921
2.570339	0.005945
2.572941	0.005969
2.575544	0.005993
2.578147	0.006016
2.580749	0.006040
2.583352	0.006064
2.585954	0.006088
2.588557	0.006111
2.591160	0.006135
2.593762	0.006159
2.596365	0.006183
2.598967	0.006206
2.601570	0.006230
2.604173	0.006254
2.606775	0.006280
2.609378	0.006307
2.611980	0.006334
2.614583	0.006361
2.617186	0.006388
2.619788	0.006415
2.622391	0.006442
2.624993	0.006469
2.627596	0.006496
2.630199	0.006523
2.632801	0.006551
2.635404	0.006578
2.638007	0.006605
2.640609	0.006632
2.643212	0.006659
2.645814	0.006686
2.648417	0.006713
2.651020	0.006740
2.653622	0.006767
2.656225	0.006794
2.658827	0.006822
2.661430	0.006853
2.664033	0.006883
2.666635	0.006914
2.669238	0.006944
2.671840	0.006975
2.674443	0.007005
2.677046	0.007036
2.679648	0.007066
2.682251	0.007097
2.684853	0.007127
2.687456	0.007158
2.690059	0.007188
2.692661	0.007219
2.695264	0.007249
2.697866	0.007280
2.700469	0.007310
2.703072	0.007341
2.705674	0.007371
2.708277	0.007402
2.710879	0.007433
2.713482	0.007466
2.716085	0.007500
2.718687	0.007534
2.721290	0.007568
2.723892	0.007602
2.726495	0.007636
2.729098	0.007670
2.731700	0.007704
2.734303	0.007738
2.736905	0.007772
2.739508	0.007806
2.742111	0.007840
2.744713	0.007873
2.747316	0.007907
2.749918	0.007941
2.752521	0.007975
2.755124	0.008009
2.757726	0.008043
2.760329	0.008077
2.762931	0.008111
2.765534	0.008147
2.768137	0.008184
2.770739	0.008221
2.773342	0.008259
2.775944	0.008296
2.778547	0.008333
2.781150	0.008370
2.783752	0.008408
2.786355	0.008445
2.788957	0.008482
2.791560	0.008520
2.794163	0.008557
2.796765	0.008594
2.799368	0.008631
2.801970	0.008669
2.804573	0.008706
2.807176	0.008743
2.809778	0.008780
2.812381	0.008818
2.814983	0.008855
2.817586	0.008893
2.820189	0.008933
2.822791	0.008974
2.825394	0.009014
2.827996	0.009054
2.830599	0.009095
2.833202	0.009135
2.835804	0.009176
2.838407	0.009216
2.841010	0.009257
2.843612	0.009297
2.846215	0.009337
2.848817	0.009378
2.851420	0.009418
2.854023	0.009459
2.856625	0.009499
2.859228	0.009539
2.861830	0.009580
2.864433	0.009620
2.867036	0.009661
2.869638	0.009701
2.872241	0.009744
2.874843	0.009787
2.877446	0.009830
2.880049	0.009873
2.882651	0.009916
2.885254	0.009959
2.887856	0.010003
2.890459	0.010046
2.893062	0.010089
2.895664	0.010132
2.898267	0.010175
2.900869	0.010218
2.903472	0.010262
2.906075	0.010305
2.908677	0.010348
2.911280	0.010391
2.913882	0.010434
2.916485	0.010477
2.919088	0.010521
2.921690	0.010564
2.924293	0.010608
2.926895	0.010653
2.929498	0.010699
2.932101	0.010744
2.934703	0.010790
2.937306	0.010836
2.939908	0.010881
2.942511	0.010927
2.945114	0.010972
2.947716	0.011018
2.950319	0.011063
2.952921	0.011109
2.955524	0.011155
2.958127	0.011200
2.960729	0.011246
2.963332	0.011291
2.965934	0.011337
2.968537	0.011382
2.971140	0.011428
2.973742	0.011474
2.976345	0.011519
2.978947	0.011566
2.981550	0.011614
2.984153	0.011661
2.986755	0.011708
2.989358	0.011756
2.991960	0.011803
2.994563	0.011850
2.997166	0.011898
2.999768	0.011945
3.002371	0.011992
3.004973	0.012040
3.007576	0.012087
3.010179	0.012134
3.012781	0.012182
3.015384	0.012229
3.017986	0.012276
3.020589	0.012324
3.023192	0.012371
3.025794	0.012418
3.028397	0.012466
3.030999	0.012514
3.033602	0.012562
3.036205	0.012611
3.038807	0.012659
3.041410	0.012708
3.044013	0.012756
3.046615	0.012805
3.049218	0.012853
3.051820	0.012902
3.054423	0.012950
3.057026	0.012999
3.059628	0.013047
3.062231	0.013096
3.064833	0.013144
3.067436	0.013193
3.070039	0.013241
3.072641	0.013290
3.075244	0.013338
3.077846	0.013387
3.080449	0.013435
3.083052	0.013484
3.085654	0.013533
3.088257	0.013582
3.090859	0.013631
3.093462	0.013680
3.096065	0.013729
3.098667	0.013778
3.101270	0.013827
3.103872	0.013876
3.106475	0.013925
3.109078	0.013975
3.111680	0.014024
3.114283	0.014073
3.116885	0.014122
3.119488	0.014171
3.122091	0.014220
3.124693	0.014269
3.127296	0.014318
3.129898	0.014367
3.132501	0.014416
3.135104	0.014465
3.137706	0.014514
3.140309	0.014563
3.142911	0.014612
3.145514	0.014660
3.148117	0.014709
3.150719	0.014758
3.153322	0.014807
3.155924	0.014856
3.158527	0.014905
3.161130	0.014954
3.163732	0.015002
3.166335	0.015051
3.168937	0.015100
3.171540	0.015149
3.174143	0.015198
3.176745	0.015247
3.179348	0.015296
3.181950	0.015344
3.184553	0.015393
3.187156	0.015442
3.189758	0.015491
3.192361	0.015539
3.194963	0.015587
3.197566	0.015635
3.200169	0.015683
3.202771	0.015731
3.205374	0.015779
3.207976	0.015827
3.210579	0.015875
3.213182	0.015923
3.215784	0.015971
3.218387	0.016019
3.220989	0.016067
3.223592	0.016115
3.226195	0.016164
3.228797	0.016212
3.231400	0.016260
3.234003	0.016308
3.236605	0.016356
3.239208	0.016404
3.241810	0.016452
3.244413	0.016499
3.247016	0.016545
3.249618	0.016592
3.252221	0.016638
3.254823	0.016685
3.257426	0.016732
3.260029	0.016778
3.262631	0.016825
3.265234	0.016872
3.267836	0.016918
3.270439	0.016965
3.273042	0.017012
3.275644	0.017058
3.278247	0.017105
3.280849	0.017152
3.283452	0.017198
3.286055	0.017245
3.288657	0.017292
3.291260	0.017338
3.293862	0.017385
3.296465	0.017430
3.299068	0.017475
3.301670	0.017520
3.304273	0.017565
3.306875	0.017610
3.309478	0.017654
3.312081	0.017699
3.314683	0.017744
3.317286	0.017789
3.319888	0.017834
3.322491	0.017879
3.325094	0.017923
3.327696	0.017968
3.330299	0.018013
3.332901	0.018058
3.335504	0.018103
3.338107	0.018148
3.340709	0.018192
3.343312	0.018237
3.345914	0.018282
3.348517	0.018326
3.351120	0.018369
3.353722	0.018411
3.356325	0.018454
3.358927	0.018497
3.361530	0.018539
3.364133	0.018582
3.366735	0.018624
3.369338	0.018667
3.371940	0.018709
3.374543	0.018752
3.377146	0.018795
3.379748	0.018837
3.382351	0.018880
3.384953	0.018922
3.387556	0.018965
3.390159	0.019007
3.392761	0.019050
3.395364	0.019093
3.397966	0.019135
3.400569	0.019178
3.403172	0.019218
3.405774	0.019258
3.408377	0.019298
3.410979	0.019339
3.413582	0.019379
3.416185	0.019419
3.418787	0.019459
3.421390	0.019499
3.423992	0.019539
3.426595	0.019579
3.429198	0.019619
3.431800	0.019660
3.434403	0.019700
3.437006	0.019740
3.439608	0.019780
3.442211	0.019820
3.444813	0.019860
3.447416	0.019900
3.450019	0.019940
3.452621	0.019981
3.455224	0.020019
3.457826	0.020057
3.460429	0.020095
3.463032	0.020132
3.465634	0.020170
3.468237	0.020207
3.470839	0.020245
3.473442	0.020282
3.476045	0.020320
3.478647	0.020358
3.481250	0.020395
3.483852	0.020433
3.486455	0.020470
3.489058	0.020508
3.491660	0.020545
3.494263	0.020583
3.496865	0.020621
3.499468	0.020658
3.502071	0.020696
3.504673	0.020733
3.507276	0.020771
3.509878	0.020806
3.512481	0.020841
3.515084	0.020876
3.517686	0.020911
3.520289	0.020946
3.522891	0.020982
3.525494	0.021017
3.528097	0.021052
3.530699	0.021087
3.533302	0.021122
3.535904	0.021157
3.538507	0.021193
3.541110	0.021228
3.543712	0.021263
3.546315	0.021298
3.548917	0.021333
3.551520	0.021368
3.554123	0.021404
3.556725	0.021439
3.559328	0.021474
3.561930	0.021507
3.564533	0.021540
3.567136	0.021573
3.569738	0.021606
3.572341	0.021639
3.574943	0.021672
3.577546	0.021704
3.580149	0.021737
3.582751	0.021770
3.585354	0.021803
3.587956	0.021836
3.590559	0.021868
3.593162	0.021901
3.595764	0.021934
3.598367	0.021967
3.600969	0.022000
3.603572	0.022032
3.606175	0.022065
3.608777	0.022098
3.611380	0.022131
3.613982	0.022163
3.616585	0.022194
3.619188	0.022224
3.621790	0.022255
3.624393	0.022285
3.626995	0.022316
3.629598	0.022347
3.632201	0.022377
3.634803	0.022408
3.637406	0.022438
3.640009	0.022469
3.642611	0.022500
3.645214	0.022530
3.647816	0.022561
3.650419	0.022591
3.653022	0.022622
3.655624	0.022653
3.658227	0.022683
3.660829	0.022714
3.663432	0.022745
3.666035	0.022775
3.668637	0.022804
3.671240	0.022832
3.673842	0.022861
3.676445	0.022889
3.679048	0.022918
3.681650	0.022947
3.684253	0.022975
3.686855	0.023004
3.689458	0.023032
3.692061	0.023061
3.694663	0.023089
3.697266	0.023118
3.699868	0.023146
3.702471	0.023175
3.705074	0.023203
3.707676	0.023232
3.710279	0.023261
3.712881	0.023289
3.715484	0.023318
3.718087	0.023346
3.720689	0.023374
3.723292	0.023400
3.725894	0.023427
3.728497	0.023453
3.731100	0.023480
3.733702	0.023506
3.736305	0.023533
3.738907	0.023559
3.741510	0.023585
3.744113	0.023612
3.746715	0.023638
3.749318	0.023665
3.751920	0.023691
3.754523	0.023718
3.757126	0.023744
3.759728	0.023771
3.762331	0.023797
3.764933	0.023824
3.767536	0.023850
3.770139	0.023877
3.772741	0.023903
3.775344	0.023927
3.777946	0.023952
3.780549	0.023976
3.783152	0.024001
3.785754	0.024025
3.788357	0.024050
3.790959	0.024074
3.793562	0.024099
3.796165	0.024123
3.798767	0.024148
3.801370	0.024172
3.803972	0.024197
3.806575	0.024221
3.809178	0.024246
3.811780	0.024270
3.814383	0.024295
3.816985	0.024319
3.819588	0.024344
3.822191	0.024368
3.824793	0.024393
3.827396	0.024415
3.829998	0.024438
3.832601	0.024460
3.835204	0.024483
3.837806	0.024506
3.840409	0.024528
3.843012	0.024551
3.845614	0.024573
3.848217	0.024596
3.850819	0.024618
3.853422	0.024641
3.856025	0.024663
3.858627	0.024686
3.861230	0.024708
3.863832	0.024731
3.866435	0.024753
3.869038	0.024776
3.871640	0.024798
3.874243	0.024821
3.876845	0.024843
3.879448	0.024865
3.882051	0.024885
3.884653	0.024906
3.887256	0.024926
3.889858	0.024947
3.892461	0.024967
3.895064	0.024988
3.897666	0.025008
3.900269	0.025029
3.902871	0.025049
3.905474	0.025070
3.908077	0.025090
3.910679	0.025111
3.913282	0.025131
3.915884	0.025152
3.918487	0.025172
3.921090	0.025193
3.923692	0.025213
3.926295	0.025234
3.928897	0.025254
3.931500	0.025275
