7.270842829617323311e-01 -2.254293896431353694e+00 -2.125378261578867445e-01 -5.444494726958344633e-02
1.665514241448935007e+00 -2.205686084612667131e+00 -7.932065832960545348e-01 6.931049669626951348e-02
-7.604651592696849427e-01 -1.495830585336364038e-01 1.784597105587906185e-01 -2.707718483291120248e-02
7.936957501368033796e-01 6.448704990114650926e-02 -1.195006279843937591e+00 8.994918369975241079e-02
1.321879060730109412e+00 1.342308318619728436e+00 -4.666828141494283599e-02 -7.527204327251164895e-02
2.185302202961881157e+00 1.870282608173362782e+00 -4.940439830335385807e-02 -3.909888237520636051e-02
-1.537267576837875183e-01 -1.541831287934892547e+00 -6.669160135555630697e-01 9.773141769229876097e-02
-2.727623584405236556e-01 5.238063476967420584e-01 3.263747948174635649e-01 -6.409267912482791152e-02
1.585385099780605600e+00 -1.499542295013517101e+00 7.629400992103660961e-01 -7.155152110138990329e-02
2.027732205176204783e+00 -2.259829555631534870e+00 -1.412594065510225594e+00 6.892322817342663721e-02
2.023383330271013580e+00 5.999185327806610957e-02 -5.140387132855456231e-01 -4.856395865894258534e-04
-2.558549181855291899e-01 -9.627518130888692571e-01 -1.340382397060091435e-02 1.386220898409959434e-02
-1.872339260365083469e-01 3.621349617905078588e-01 -1.121528698355417131e+00 -7.322874427778854056e-02
1.573488312782886922e+00 -2.256049125062845828e+00 -1.249259064059154545e+00 -9.896272039444407864e-02
-4.229664246937798744e-01 1.429302756038453470e+00 -1.321416257588708953e+00 2.007640195676110850e-02
5.124379873786870654e-01 -2.273219465482000601e+00 -1.384311139682830039e-01 -2.171613564153107578e-02
2.602651759786079211e+00 -1.072602917669867928e+00 2.295776496745982609e-01 -3.188025572483321746e-02
1.287443409497379676e+00 -2.013604842105155335e+00 -8.355171695412230148e-01 8.026957561080497183e-02
2.224174654663557238e+00 3.936529824434424896e-01 -1.162640567880347531e+00 7.285403999558148769e-02
3.083954995725494364e+00 1.313350351980501429e+00 -1.143792822183809177e+00 -8.991143058450137837e-02
-6.561187938572548006e-01 -2.126648821211036378e+00 -7.001101786352201817e-01 -7.804878175346217917e-02
4.206140399255797746e-01 1.690207055742818376e-01 -1.424849796770872867e+00 -6.932213753248168964e-02
2.546287297695775109e-01 -2.013317796080757560e+00 7.228187074255210121e-04 -2.901737201385118370e-03
7.924200125872018496e-01 -5.868515160724347979e-01 -2.348773773898225059e-01 -5.984891997263933061e-02
3.706567516017682529e-01 -1.805584203755276285e+00 -1.064410930386070930e+00 -8.216016475598511559e-03
2.828459214945964639e+00 -1.100384568734592339e+00 -1.158189857723554317e+00 -7.722225421117523414e-02
2.019056679091161488e+00 1.416000727033694950e+00 -9.857003847154145459e-01 4.746591240378555954e-02
1.309738084758528931e+00 -2.734024224633375688e-01 -2.862165169777566298e-01 3.109553641175266669e-02
2.626502013569131933e+00 -8.219610973929982745e-01 -7.524010715838640451e-01 -9.660657227980125328e-02
-4.463726836061119307e-01 -7.652687258862465036e-01 -1.397632121247752490e+00 -8.908347171823954858e-03
-7.324200404212346527e-01 7.877296001212679144e-01 -7.528556020025235496e-01 -8.879661206603239876e-02
1.528894438247349274e+00 1.234527633517822132e+00 -1.206016917016907275e+00 -2.931339172134116156e-02
4.582583141010987404e-01 2.249276300403376894e+00 -1.059739987784793280e+00 -4.865630305282211965e-02
2.700568328054984146e+00 1.317489713802740603e+00 -1.335487071946660942e+00 6.119196381713931654e-04
