3.453338421424290772e+01 2.693303077213419883e+00 4.033568898244556111e-01 3.683747468510373047e+00
3.545639997105193686e+01 3.296091745308784571e+00 3.229864059630320305e+00 3.952085475273378279e+00
3.382098194727331020e+01 9.010347371399080041e-01 4.017836891022386503e+00 5.049309171088490089e+00
3.548753881372515195e+01 2.074760622926756337e+00 3.844206039899888072e+00 8.414220869833284322e-01
3.402175428702475557e+01 4.148707014799752457e+00 4.046072434174485366e+00 8.961471975941188717e-01
3.541189545116801440e+01 2.336532379825807304e+00 5.833489095417550008e-01 3.778263018150219699e-01
3.329114035066713484e+01 9.072797432081741720e-01 5.238063446446111548e+00 3.584232003996191906e+00
3.400226932248147449e+01 9.928401816757764786e-01 3.188839915272330128e-01 1.768520115761569311e+00
3.500167953673995669e+01 3.141708785159372574e+00 2.416720782557032265e+00 2.576958790252625420e+00
3.391548694119575913e+01 1.807936524432230296e+00 2.008086993224551531e+00 4.636592475290164383e-01
3.529566891301599441e+01 2.749058588964671479e+00 2.940847597983792916e+00 2.735776003834723635e+00
3.462109790449689228e+01 1.165502220024903668e+00 2.259101769174173491e+00 2.870993188457747536e+00
3.552240225179938449e+01 4.949720323600093508e+00 4.013908898174303630e+00 3.439816139126756767e-01
3.304162362445202206e+01 7.551927033253880150e-01 1.773311549068600446e+00 3.389056065523515571e+00
3.456462868330898175e+01 3.684528582137574837e+00 4.813692228507131965e+00 2.126136714877581380e+00
3.535238799088500627e+01 4.775111880993161861e+00 5.273494897705850448e+00 4.431613672239357093e+00
3.450811364589534946e+01 4.025802968054748021e+00 5.298268691160770594e+00 3.560621232845857076e+00
3.545010309962737693e+01 2.731033698998382775e+00 1.853246968967239949e+00 3.855186885915288464e+00
3.322384345211323620e+01 4.288032555463736628e+00 4.169418011911558697e-01 5.079851298142948224e+00
3.285651360626184214e+01 4.719083327985172716e+00 4.378276794269193584e-01 3.890914587744239483e+00
3.468616846301816281e+01 1.576889493649666907e+00 8.629455961806604680e-01 5.295895822260960895e-01
3.510429315262972239e+01 5.482582625059736259e+00 2.208904129702884411e+00 3.377046539275639248e+00
3.543650457563343537e+01 4.394187627681922059e+00 6.052754808382899698e-01 1.427425021700143848e+00
3.452251153139503970e+01 1.778842241407958102e+00 2.637457367734316716e+00 2.878429733969906312e+00
3.410712488651443408e+01 1.373744194675015073e+00 1.146649949948489677e+00 7.132278893382688612e-01
3.502025512342871849e+01 8.654600924744293433e-01 4.749008373102457270e+00 2.919790964780203169e+00
3.475677531013601396e+01 2.660203295899229659e+00 5.214878390936863894e+00 3.886133497083128496e+00
3.456019497584518518e+01 4.060835660547591708e+00 1.732146342271339678e+00 3.458151043349226406e+00
3.523439416636991695e+01 3.351674512086474600e+00 2.031396486148685732e+00 4.342165970056410806e+00
3.495988298581531950e+01 2.034573732353357922e+00 3.408769810124238742e+00 4.503836057016273209e+00
3.418437002414775350e+01 7.167982005338413565e-01 4.339587729529610804e+00 1.199183628640034360e+00
3.544354582870592196e+01 5.508810960937804424e+00 4.713190140432935493e+00 3.820928582160960651e-01
3.540740786613981328e+01 3.567186919464909067e+00 3.938046880832025920e+00 3.717739716198741995e+00
