1.331500	0.003471
1.334103	0.003471
1.336705	0.003471
1.339308	0.003471
1.341910	0.003471
1.344513	0.003471
1.347116	0.003471
1.349718	0.003471
1.352321	0.003471
1.354923	0.003471
1.357526	0.003471
1.360129	0.003471
1.362731	0.003471
1.365334	0.003471
1.367936	0.003471
1.370539	0.003471
1.373142	0.003471
1.375744	0.003471
1.378347	0.003471
1.380949	0.003471
1.383552	0.003471
1.386155	0.003472
1.388757	0.003472
1.391360	0.003472
1.393962	0.003472
1.396565	0.003472
1.399168	0.003472
1.401770	0.003472
1.404373	0.003472
1.406975	0.003472
1.409578	0.003472
1.412181	0.003472
1.414783	0.003472
1.417386	0.003472
1.419988	0.003472
1.422591	0.003472
1.425194	0.003472
1.427796	0.003472
1.430399	0.003472
1.433002	0.003472
1.435604	0.003472
1.438207	0.003472
1.440809	0.003472
1.443412	0.003472
1.446015	0.003472
1.448617	0.003472
1.451220	0.003472
1.453822	0.003472
1.456425	0.003472
1.459028	0.003472
1.461630	0.003472
1.464233	0.003472
1.466835	0.003472
1.469438	0.003473
1.472041	0.003473
1.474643	0.003473
1.477246	0.003473
1.479848	0.003473
1.482451	0.003473
1.485054	0.003473
1.487656	0.003473
1.490259	0.003473
1.492861	0.003473
1.495464	0.003473
1.498067	0.003473
1.500669	0.003473
1.503272	0.003473
1.505874	0.003473
1.508477	0.003473
1.511080	0.003473
1.513682	0.003473
1.516285	0.003473
1.518887	0.003473
1.521490	0.003474
1.524093	0.003474
1.526695	0.003474
1.529298	0.003474
1.531900	0.003474
1.534503	0.003474
1.537106	0.003474
1.539708	0.003474
1.542311	0.003474
1.544913	0.003474
1.547516	0.003474
1.550119	0.003474
1.552721	0.003474
1.555324	0.003474
1.557926	0.003475
1.560529	0.003475
1.563132	0.003475
1.565734	0.003475
1.568337	0.003475
1.570939	0.003475
1.573542	0.003475
1.576145	0.003476
1.578747	0.003476
1.581350	0.003476
1.583952	0.003476
1.586555	0.003476
1.589158	0.003476
1.591760	0.003476
1.594363	0.003477
1.596965	0.003477
1.599568	0.003477
1.602171	0.003477
1.604773	0.003477
1.607376	0.003477
1.609978	0.003477
1.612581	0.003478
1.615184	0.003478
1.617786	0.003478
1.620389	0.003478
1.622991	0.003478
1.625594	0.003478
1.628197	0.003478
1.630799	0.003479
1.633402	0.003479
1.636005	0.003479
1.638607	0.003479
1.641210	0.003479
1.643812	0.003479
1.646415	0.003479
1.649018	0.003480
1.651620	0.003480
1.654223	0.003480
1.656825	0.003480
1.659428	0.003480
1.662031	0.003481
1.664633	0.003481
1.667236	0.003481
1.669838	0.003481
1.672441	0.003482
1.675044	0.003482
1.677646	0.003482
1.680249	0.003483
1.682851	0.003483
1.685454	0.003483
1.688057	0.003483
1.690659	0.003484
1.693262	0.003484
1.695864	0.003484
1.698467	0.003485
1.701070	0.003485
1.703672	0.003485
1.706275	0.003486
1.708877	0.003486
1.711480	0.003486
1.714083	0.003486
1.716685	0.003487
1.719288	0.003487
1.721890	0.003487
1.724493	0.003488
1.727096	0.003488
1.729698	0.003488
1.732301	0.003488
1.734903	0.003489
1.737506	0.003489
1.740109	0.003489
1.742711	0.003490
1.745314	0.003490
1.747916	0.003490
1.750519	0.003490
1.753122	0.003491
1.755724	0.003491
1.758327	0.003491
1.760929	0.003492
1.763532	0.003492
1.766135	0.003492
1.768737	0.003493
1.771340	0.003494
1.773942	0.003494
1.776545	0.003495
1.779148	0.003495
1.781750	0.003496
1.784353	0.003497
1.786955	0.003497
1.789558	0.003498
1.792161	0.003499
1.794763	0.003499
1.797366	0.003500
1.799968	0.003500
1.802571	0.003501
1.805174	0.003502
1.807776	0.003502
1.810379	0.003503
1.812981	0.003504
1.815584	0.003504
1.818187	0.003505
1.820789	0.003505
1.823392	0.003506
1.825994	0.003507
1.828597	0.003507
1.831200	0.003508
1.833802	0.003509
1.836405	0.003509
1.839008	0.003510
1.841610	0.003510
1.844213	0.003511
1.846815	0.003512
1.849418	0.003512
1.852021	0.003513
1.854623	0.003514
1.857226	0.003514
1.859828	0.003515
1.862431	0.003515
1.865034	0.003516
1.867636	0.003517
1.870239	0.003517
1.872841	0.003518
1.875444	0.003519
1.878047	0.003521
1.880649	0.003523
1.883252	0.003524
1.885854	0.003526
1.888457	0.003527
1.891060	0.003529
1.893662	0.003530
1.896265	0.003532
1.898867	0.003534
1.901470	0.003535
1.904073	0.003537
1.906675	0.003538
1.909278	0.003540
1.911880	0.003542
1.914483	0.003543
1.917086	0.003545
1.919688	0.003546
1.922291	0.003548
1.924893	0.003550
1.927496	0.003551
1.930099	0.003553
1.932701	0.003554
1.935304	0.003556
1.937906	0.003557
1.940509	0.003559
1.943112	0.003561
1.945714	0.003562
1.948317	0.003564
1.950919	0.003565
1.953522	0.003567
1.956125	0.003569
1.958727	0.003570
1.961330	0.003572
1.963932	0.003573
1.966535	0.003575
1.969138	0.003576
1.971740	0.003578
1.974343	0.003580
1.976945	0.003581
1.979548	0.003583
1.982151	0.003585
1.984753	0.003588
1.987356	0.003591
1.989958	0.003594
1.992561	0.003597
1.995164	0.003600
1.997766	0.003603
2.000369	0.003606
2.002971	0.003610
2.005574	0.003613
2.008177	0.003616
2.010779	0.003619
2.013382	0.003622
2.015984	0.003625
2.018587	0.003628
2.021190	0.003631
2.023792	0.003634
2.026395	0.003637
2.028997	0.003641
2.031600	0.003644
2.034203	0.003647
2.036805	0.003650
2.039408	0.003653
2.042011	0.003656
2.044613	0.003659
2.047216	0.003662
2.049818	0.003665
2.052421	0.003668
2.055024	0.003672
2.057626	0.003675
2.060229	0.003678
2.062831	0.003681
2.065434	0.003684
2.068037	0.003687
2.070639	0.003690
2.073242	0.003693
2.075844	0.003696
2.078447	0.003699
2.081050	0.003703
2.083652	0.003706
2.086255	0.003709
2.088857	0.003712
2.091460	0.003716
2.094063	0.003722
2.096665	0.003727
2.099268	0.003732
2.101870	0.003738
2.104473	0.003743
2.107076	0.003748
2.109678	0.003753
2.112281	0.003759
2.114883	0.003764
2.117486	0.003769
2.120089	0.003775
2.122691	0.003780
2.125294	0.003785
2.127896	0.003791
2.130499	0.003796
2.133102	0.003801
2.135704	0.003807
2.138307	0.003812
2.140909	0.003817
2.143512	0.003823
2.146115	0.003828
2.148717	0.003833
2.151320	0.003838
2.153922	0.003844
2.156525	0.003849
2.159128	0.003854
2.161730	0.003860
2.164333	0.003865
2.166935	0.003870
2.169538	0.003876
2.172141	0.003881
2.174743	0.003886
2.177346	0.003892
2.179948	0.003897
2.182551	0.003902
2.185154	0.003907
2.187756	0.003913
2.190359	0.003918
2.192961	0.003923
2.195564	0.003929
2.198167	0.003934
2.200769	0.003942
2.203372	0.003951
2.205974	0.003959
2.208577	0.003968
2.211180	0.003976
2.213782	0.003985
2.216385	0.003993
2.218987	0.004001
2.221590	0.004010
2.224193	0.004018
2.226795	0.004027
2.229398	0.004035
2.232001	0.004044
2.234603	0.004052
2.237206	0.004060
2.239808	0.004069
2.242411	0.004077
2.245014	0.004086
2.247616	0.004094
2.250219	0.004103
2.252821	0.004111
2.255424	0.004120
2.258027	0.004128
2.260629	0.004136
2.263232	0.004145
2.265834	0.004153
2.268437	0.004162
2.271040	0.004170
2.273642	0.004179
2.276245	0.004187
2.278847	0.004195
2.281450	0.004204
2.284053	0.004212
2.286655	0.004221
2.289258	0.004229
2.291860	0.004238
2.294463	0.004246
2.297066	0.004254
2.299668	0.004263
2.302271	0.004271
2.304873	0.004280
2.307476	0.004290
2.310079	0.004302
2.312681	0.004315
2.315284	0.004327
2.317886	0.004340
2.320489	0.004353
2.323092	0.004365
2.325694	0.004378
2.328297	0.004390
2.330899	0.004403
2.333502	0.004415
2.336105	0.004428
2.338707	0.004440
2.341310	0.004453
2.343912	0.004466
2.346515	0.004478
2.349118	0.004491
2.351720	0.004503
2.354323	0.004516
2.356925	0.004528
2.359528	0.004541
2.362131	0.004554
2.364733	0.004566
2.367336	0.004579
2.369938	0.004591
2.372541	0.004604
2.375144	0.004616
2.377746	0.004629
2.380349	0.004642
2.382951	0.004654
2.385554	0.004667
2.388157	0.004679
2.390759	0.004692
2.393362	0.004704
2.395964	0.004717
2.398567	0.004729
2.401170	0.004742
2.403772	0.004755
2.406375	0.004767
2.408977	0.004780
2.411580	0.004792
2.414183	0.004805
2.416785	0.004821
2.419388	0.004839
2.421990	0.004856
2.424593	0.004874
2.427196	0.004892
2.429798	0.004909
2.432401	0.004927
2.435004	0.004944
2.437606	0.004962
2.440209	0.004980
2.442811	0.004997
2.445414	0.005015
2.448017	0.005033
2.450619	0.005050
2.453222	0.005068
2.455824	0.005085
2.458427	0.005103
2.461030	0.005121
2.463632	0.005138
2.466235	0.005156
2.468837	0.005173
2.471440	0.005191
2.474043	0.005209
2.476645	0.005226
2.479248	0.005244
2.481850	0.005261
2.484453	0.005279
2.487056	0.005297
2.489658	0.005314
2.492261	0.005332
2.494863	0.005349
2.497466	0.005367
2.500069	0.005385
2.502671	0.005402
2.505274	0.005420
2.507876	0.005438
2.510479	0.005455
2.513082	0.005473
2.515684	0.005490
2.518287	0.005508
2.520889	0.005526
2.523492	0.005544
2.526095	0.005568
2.528697	0.005591
2.531300	0.005615
2.533902	0.005639
2.536505	0.005663
2.539108	0.005686
2.541710	0.005710
2.544313	0.005734
2.546915	0.005758
2.549518	0.005781
2.552121	0.005805
2.554723	0.005829
2.557326	0.005853
2.559928	0.005876
2.562531	0.005900
2.565134	0.005924
2.567736	0.005947
2.570339	0.005971
2.572941	0.005995
2.575544	0.006019
2.578147	0.006042
2.580749	0.006066
2.583352	0.006090
2.585954	0.006114
2.588557	0.006137
2.591160	0.006161
2.593762	0.006185
2.596365	0.006209
2.598967	0.006232
2.601570	0.006256
2.604173	0.006280
2.606775	0.006304
2.609378	0.006327
2.611980	0.006351
2.614583	0.006375
2.617186	0.006398
2.619788	0.006422
2.622391	0.006446
2.624993	0.006470
2.627596	0.006493
2.630199	0.006517
2.632801	0.006544
2.635404	0.006575
2.638007	0.006605
2.640609	0.006636
2.643212	0.006667
2.645814	0.006697
2.648417	0.006728
2.651020	0.006758
2.653622	0.006789
2.656225	0.006819
2.658827	0.006850
2.661430	0.006880
2.664033	0.006911
2.666635	0.006942
2.669238	0.006972
2.671840	0.007003
2.674443	0.007033
2.677046	0.007064
2.679648	0.007094
2.682251	0.007125
2.684853	0.007155
2.687456	0.007186
2.690059	0.007217
2.692661	0.007247
2.695264	0.007278
2.697866	0.007308
2.700469	0.007339
2.703072	0.007369
2.705674	0.007400
2.708277	0.007430
2.710879	0.007461
2.713482	0.007492
2.716085	0.007522
2.718687	0.007553
2.721290	0.007583
2.723892	0.007614
2.726495	0.007644
2.729098	0.007675
2.731700	0.007706
2.734303	0.007736
2.736905	0.007767
2.739508	0.007797
2.742111	0.007834
2.744713	0.007871
2.747316	0.007909
2.749918	0.007946
2.752521	0.007984
2.755124	0.008021
2.757726	0.008058
2.760329	0.008096
2.762931	0.008133
2.765534	0.008171
2.768137	0.008208
2.770739	0.008246
2.773342	0.008283
2.775944	0.008321
2.778547	0.008358
2.781150	0.008396
2.783752	0.008433
2.786355	0.008470
2.788957	0.008508
2.791560	0.008545
2.794163	0.008583
2.796765	0.008620
2.799368	0.008658
2.801970	0.008695
2.804573	0.008733
2.807176	0.008770
2.809778	0.008808
2.812381	0.008845
2.814983	0.008882
2.817586	0.008920
2.820189	0.008957
2.822791	0.008995
2.825394	0.009032
2.827996	0.009070
2.830599	0.009107
2.833202	0.009145
2.835804	0.009182
2.838407	0.009220
2.841010	0.009257
2.843612	0.009294
2.846215	0.009332
2.848817	0.009371
2.851420	0.009414
2.854023	0.009458
2.856625	0.009501
2.859228	0.009544
2.861830	0.009588
2.864433	0.009631
2.867036	0.009675
2.869638	0.009718
2.872241	0.009762
2.874843	0.009805
2.877446	0.009848
2.880049	0.009892
2.882651	0.009935
2.885254	0.009979
2.887856	0.010022
2.890459	0.010065
2.893062	0.010109
2.895664	0.010152
2.898267	0.010196
2.900869	0.010239
2.903472	0.010282
2.906075	0.010326
2.908677	0.010369
2.911280	0.010413
2.913882	0.010456
2.916485	0.010500
2.919088	0.010543
2.921690	0.010586
2.924293	0.010630
2.926895	0.010673
2.929498	0.010717
2.932101	0.010760
2.934703	0.010803
2.937306	0.010847
2.939908	0.010890
2.942511	0.010934
2.945114	0.010977
2.947716	0.011020
2.950319	0.011064
2.952921	0.011107
2.955524	0.011151
2.958127	0.011197
2.960729	0.011244
2.963332	0.011292
2.965934	0.011339
2.968537	0.011387
2.971140	0.011434
2.973742	0.011481
2.976345	0.011529
2.978947	0.011576
2.981550	0.011624
2.984153	0.011671
2.986755	0.011719
2.989358	0.011766
2.991960	0.011814
2.994563	0.011861
2.997166	0.011909
2.999768	0.011956
3.002371	0.012004
3.004973	0.012051
3.007576	0.012099
3.010179	0.012146
3.012781	0.012194
3.015384	0.012241
3.017986	0.012289
3.020589	0.012336
3.023192	0.012383
3.025794	0.012431
3.028397	0.012478
3.030999	0.012526
3.033602	0.012573
3.036205	0.012621
3.038807	0.012668
3.041410	0.012716
3.044013	0.012763
3.046615	0.012811
3.049218	0.012858
3.051820	0.012906
3.054423	0.012953
3.057026	0.013001
3.059628	0.013048
3.062231	0.013096
3.064833	0.013143
3.067436	0.013192
3.070039	0.013241
3.072641	0.013290
3.075244	0.013339
3.077846	0.013388
3.080449	0.013437
3.083052	0.013486
3.085654	0.013534
3.088257	0.013583
3.090859	0.013632
3.093462	0.013681
3.096065	0.013730
3.098667	0.013779
3.101270	0.013828
3.103872	0.013877
3.106475	0.013926
3.109078	0.013975
3.111680	0.014024
3.114283	0.014073
3.116885	0.014122
3.119488	0.014171
3.122091	0.014220
3.124693	0.014269
3.127296	0.014317
3.129898	0.014366
3.132501	0.014415
3.135104	0.014464
3.137706	0.014513
3.140309	0.014562
3.142911	0.014611
3.145514	0.014660
3.148117	0.014709
3.150719	0.014758
3.153322	0.014807
3.155924	0.014856
3.158527	0.014905
3.161130	0.014954
3.163732	0.015003
3.166335	0.015052
3.168937	0.015100
3.171540	0.015149
3.174143	0.015198
3.176745	0.015246
3.179348	0.015293
3.181950	0.015341
3.184553	0.015389
3.187156	0.015437
3.189758	0.015484
3.192361	0.015532
3.194963	0.015580
3.197566	0.015628
3.200169	0.015675
3.202771	0.015723
3.205374	0.015771
3.207976	0.015818
3.210579	0.015866
3.213182	0.015914
3.215784	0.015962
3.218387	0.016009
3.220989	0.016057
3.223592	0.016105
3.226195	0.016153
3.228797	0.016200
3.231400	0.016248
3.234003	0.016296
3.236605	0.016344
3.239208	0.016391
3.241810	0.016439
3.244413	0.016487
3.247016	0.016534
3.249618	0.016582
3.252221	0.016630
3.254823	0.016678
3.257426	0.016725
3.260029	0.016773
3.262631	0.016821
3.265234	0.016869
3.267836	0.016916
3.270439	0.016964
3.273042	0.017012
3.275644	0.017060
3.278247	0.017107
3.280849	0.017155
3.283452	0.017200
3.286055	0.017244
3.288657	0.017288
3.291260	0.017333
3.293862	0.017377
3.296465	0.017421
3.299068	0.017465
3.301670	0.017509
3.304273	0.017554
3.306875	0.017598
3.309478	0.017642
3.312081	0.017686
3.314683	0.017730
3.317286	0.017774
3.319888	0.017819
3.322491	0.017863
3.325094	0.017907
3.327696	0.017951
3.330299	0.017995
3.332901	0.018040
3.335504	0.018084
3.338107	0.018128
3.340709	0.018172
3.343312	0.018216
3.345914	0.018260
3.348517	0.018305
3.351120	0.018349
3.353722	0.018393
3.356325	0.018437
3.358927	0.018481
3.361530	0.018526
3.364133	0.018570
3.366735	0.018614
3.369338	0.018658
3.371940	0.018702
3.374543	0.018746
3.377146	0.018791
3.379748	0.018835
3.382351	0.018879
3.384953	0.018923
3.387556	0.018967
3.390159	0.019011
3.392761	0.019050
3.395364	0.019090
3.397966	0.019129
3.400569	0.019168
3.403172	0.019208
3.405774	0.019247
3.408377	0.019286
3.410979	0.019326
3.413582	0.019365
3.416185	0.019404
3.418787	0.019444
3.421390	0.019483
3.423992	0.019522
3.426595	0.019562
3.429198	0.019601
3.431800	0.019640
3.434403	0.019679
3.437006	0.019719
3.439608	0.019758
3.442211	0.019797
3.444813	0.019837
3.447416	0.019876
3.450019	0.019915
3.452621	0.019955
3.455224	0.019994
3.457826	0.020033
3.460429	0.020073
3.463032	0.020112
3.465634	0.020151
3.468237	0.020191
3.470839	0.020230
3.473442	0.020269
3.476045	0.020309
3.478647	0.020348
3.481250	0.020387
3.483852	0.020427
3.486455	0.020466
3.489058	0.020505
3.491660	0.020545
3.494263	0.020584
3.496865	0.020623
3.499468	0.020660
3.502071	0.020694
3.504673	0.020729
3.507276	0.020763
3.509878	0.020797
3.512481	0.020832
3.515084	0.020866
3.517686	0.020900
3.520289	0.020935
3.522891	0.020969
3.525494	0.021003
3.528097	0.021038
3.530699	0.021072
3.533302	0.021106
3.535904	0.021141
3.538507	0.021175
3.541110	0.021209
3.543712	0.021244
3.546315	0.021278
3.548917	0.021312
3.551520	0.021347
3.554123	0.021381
3.556725	0.021415
3.559328	0.021450
3.561930	0.021484
3.564533	0.021518
3.567136	0.021553
3.569738	0.021587
3.572341	0.021621
3.574943	0.021656
3.577546	0.021690
3.580149	0.021724
3.582751	0.021759
3.585354	0.021793
3.587956	0.021827
3.590559	0.021862
3.593162	0.021896
3.595764	0.021930
3.598367	0.021965
3.600969	0.021999
3.603572	0.022033
3.606175	0.022068
3.608777	0.022098
3.611380	0.022128
3.613982	0.022158
3.616585	0.022187
3.619188	0.022217
3.621790	0.022247
3.624393	0.022277
3.626995	0.022307
3.629598	0.022336
3.632201	0.022366
3.634803	0.022396
3.637406	0.022426
3.640009	0.022456
3.642611	0.022485
3.645214	0.022515
3.647816	0.022545
3.650419	0.022575
3.653022	0.022604
3.655624	0.022634
3.658227	0.022664
3.660829	0.022694
3.663432	0.022724
3.666035	0.022753
3.668637	0.022783
3.671240	0.022813
3.673842	0.022843
3.676445	0.022873
3.679048	0.022902
3.681650	0.022932
3.684253	0.022962
3.686855	0.022992
3.689458	0.023022
3.692061	0.023051
3.694663	0.023081
3.697266	0.023111
3.699868	0.023141
3.702471	0.023171
3.705074	0.023200
3.707676	0.023230
3.710279	0.023260
3.712881	0.023290
3.715484	0.023318
3.718087	0.023344
3.720689	0.023370
3.723292	0.023395
3.725894	0.023421
3.728497	0.023446
3.731100	0.023472
3.733702	0.023498
3.736305	0.023523
3.738907	0.023549
3.741510	0.023575
3.744113	0.023600
3.746715	0.023626
3.749318	0.023651
3.751920	0.023677
3.754523	0.023703
3.757126	0.023728
3.759728	0.023754
3.762331	0.023779
3.764933	0.023805
3.767536	0.023831
3.770139	0.023856
3.772741	0.023882
3.775344	0.023907
3.777946	0.023933
3.780549	0.023959
3.783152	0.023984
3.785754	0.024010
3.788357	0.024035
3.790959	0.024061
3.793562	0.024087
3.796165	0.024112
3.798767	0.024138
3.801370	0.024164
3.803972	0.024189
3.806575	0.024215
3.809178	0.024240
3.811780	0.024266
3.814383	0.024292
3.816985	0.024317
3.819588	0.024343
3.822191	0.024368
3.824793	0.024391
3.827396	0.024413
3.829998	0.024435
3.832601	0.024456
3.835204	0.024478
3.837806	0.024499
3.840409	0.024521
3.843012	0.024542
3.845614	0.024564
3.848217	0.024585
3.850819	0.024607
3.853422	0.024629
3.856025	0.024650
3.858627	0.024672
3.861230	0.024693
3.863832	0.024715
3.866435	0.024736
3.869038	0.024758
3.871640	0.024779
3.874243	0.024801
3.876845	0.024822
3.879448	0.024844
3.882051	0.024866
3.884653	0.024887
3.887256	0.024909
3.889858	0.024930
3.892461	0.024952
3.895064	0.024973
3.897666	0.024995
3.900269	0.025016
3.902871	0.025038
3.905474	0.025060
3.908077	0.025081
3.910679	0.025103
3.913282	0.025124
3.915884	0.025146
3.918487	0.025167
3.921090	0.025189
3.923692	0.025210
3.926295	0.025232
3.928897	0.025253
3.931500	0.025275
