1.431500	0.003471	0.003471	0.000000
1.434103	0.003471	0.003471	0.000000
1.436705	0.003471	0.003471	0.000000
1.439308	0.003471	0.003471	0.000000
1.441910	0.003471	0.003471	0.000000
1.444513	0.003471	0.003471	0.000000
1.447116	0.003471	0.003471	0.000000
1.449718	0.003471	0.003471	0.000000
1.452321	0.003471	0.003471	0.000000
1.454923	0.003471	0.003471	0.000000
1.457526	0.003471	0.003471	0.000000
1.460129	0.003471	0.003471	0.000000
1.462731	0.003471	0.003471	0.000000
1.465334	0.003471	0.003471	0.000000
1.467936	0.003471	0.003471	0.000000
1.470539	0.003471	0.003471	0.000000
1.473142	0.003471	0.003471	0.000000
1.475744	0.003471	0.003471	0.000000
1.478347	0.003471	0.003471	0.000000
1.480949	0.003471	0.003471	0.000000
1.483552	0.003471	0.003471	0.000000
1.486155	0.003471	0.003471	0.000000
1.488757	0.003471	0.003471	0.000000
1.491360	0.003471	0.003471	0.000000
1.493962	0.003471	0.003471	0.000000
1.496565	0.003471	0.003471	0.000000
1.499168	0.003471	0.003471	0.000000
1.501770	0.003471	0.003471	0.000000
1.504373	0.003471	0.003471	0.000000
1.506975	0.003471	0.003471	0.000000
1.509578	0.003471	0.003471	0.000000
1.512181	0.003471	0.003471	0.000000
1.514783	0.003471	0.003471	0.000000
1.517386	0.003471	0.003471	0.000000
1.519988	0.003471	0.003471	0.000000
1.522591	0.003471	0.003471	0.000000
1.525194	0.003471	0.003471	0.000000
1.527796	0.003471	0.003471	0.000000
1.530399	0.003471	0.003471	0.000000
1.533002	0.003471	0.003471	0.000000
1.535604	0.003471	0.003471	0.000000
1.538207	0.003471	0.003471	0.000000
1.540809	0.003471	0.003471	0.000000
1.543412	0.003471	0.003471	0.000000
1.546015	0.003471	0.003471	0.000000
1.548617	0.003471	0.003471	0.000000
1.551220	0.003471	0.003471	0.000000
1.553822	0.003471	0.003471	0.000000
1.556425	0.003471	0.003471	0.000000
1.559028	0.003471	0.003471	0.000000
1.561630	0.003471	0.003471	0.000000
1.564233	0.003471	0.003471	0.000000
1.566835	0.003471	0.003471	0.000000
1.569438	0.003471	0.003471	0.000000
1.572041	0.003471	0.003471	0.000000
1.574643	0.003471	0.003471	0.000000
1.577246	0.003471	0.003471	0.000000
1.579848	0.003471	0.003471	0.000000
1.582451	0.003471	0.003471	0.000000
1.585054	0.003471	0.003471	0.000000
1.587656	0.003471	0.003471	0.000000
1.590259	0.003471	0.003471	0.000000
1.592861	0.003471	0.003471	0.000000
1.595464	0.003471	0.003471	0.000000
1.598067	0.003471	0.003471	0.000000
1.600669	0.003471	0.003471	0.000000
1.603272	0.003471	0.003471	0.000000
1.605874	0.003471	0.003471	0.000000
1.608477	0.003471	0.003471	0.000000
1.611080	0.003471	0.003471	0.000000
1.613682	0.003471	0.003471	0.000000
1.616285	0.003471	0.003471	0.000000
1.618887	0.003471	0.003471	0.000000
1.621490	0.003471	0.003471	0.000000
1.624093	0.003471	0.003471	0.000000
1.626695	0.003471	0.003471	0.000000
1.629298	0.003471	0.003471	0.000000
1.631900	0.003471	0.003471	0.000000
1.634503	0.003471	0.003471	0.000000
1.637106	0.003471	0.003471	0.000000
1.639708	0.003471	0.003471	0.000000
1.642311	0.003471	0.003471	0.000000
1.644913	0.003471	0.003471	0.000000
1.647516	0.003471	0.003471	0.000000
1.650119	0.003471	0.003471	0.000000
1.652721	0.003471	0.003471	0.000000
1.655324	0.003471	0.003471	0.000000
1.657926	0.003471	0.003471	0.000000
1.660529	0.003471	0.003471	0.000000
1.663132	0.003471	0.003471	0.000000
1.665734	0.003471	0.003471	0.000000
1.668337	0.003471	0.003471	0.000000
1.670939	0.003471	0.003471	0.000000
1.673542	0.003471	0.003471	0.000000
1.676145	0.003471	0.003471	0.000000
1.678747	0.003471	0.003471	0.000000
1.681350	0.003471	0.003471	0.000000
1.683952	0.003471	0.003471	0.000000
1.686555	0.003471	0.003471	0.000000
1.689158	0.003471	0.003471	0.000000
1.691760	0.003471	0.003471	0.000000
1.694363	0.003471	0.003471	0.000000
1.696965	0.003471	0.003471	0.000000
1.699568	0.003471	0.003471	0.000000
1.702171	0.003471	0.003471	0.000000
1.704773	0.003471	0.003471	0.000000
1.707376	0.003471	0.003471	0.000000
1.709978	0.003471	0.003471	0.000000
1.712581	0.003471	0.003471	0.000000
1.715184	0.003471	0.003471	0.000000
1.717786	0.003471	0.003471	0.000000
1.720389	0.003471	0.003471	0.000000
1.722991	0.003471	0.003471	0.000000
1.725594	0.003471	0.003471	0.000000
1.728197	0.003471	0.003471	0.000000
1.730799	0.003471	0.003471	0.000000
1.733402	0.003471	0.003471	0.000000
1.736005	0.003471	0.003471	0.000000
1.738607	0.003471	0.003471	0.000000
1.741210	0.003471	0.003471	0.000000
1.743812	0.003471	0.003471	0.000000
1.746415	0.003471	0.003471	0.000000
1.749018	0.003471	0.003471	0.000000
1.751620	0.003471	0.003471	0.000000
1.754223	0.003471	0.003471	0.000000
1.756825	0.003471	0.003471	0.000000
1.759428	0.003471	0.003471	0.000000
1.762031	0.003471	0.003471	0.000000
1.764633	0.003471	0.003471	0.000000
1.767236	0.003471	0.003471	0.000000
1.769838	0.003471	0.003471	0.000000
1.772441	0.003471	0.003471	0.000000
1.775044	0.003471	0.003471	0.000000
1.777646	0.003471	0.003471	0.000000
1.780249	0.003471	0.003471	0.000000
1.782851	0.003471	0.003471	0.000000
1.785454	0.003471	0.003471	0.000000
1.788057	0.003471	0.003471	0.000000
1.790659	0.003471	0.003471	0.000000
1.793262	0.003471	0.003471	0.000000
1.795864	0.003471	0.003471	0.000000
1.798467	0.003471	0.003471	0.000000
1.801070	0.003471	0.003471	0.000000
1.803672	0.003471	0.003471	0.000000
1.806275	0.003471	0.003471	0.000000
1.808877	0.003471	0.003471	0.000000
1.811480	0.003471	0.003471	0.000000
1.814083	0.003471	0.003471	0.000000
1.816685	0.003471	0.003471	0.000000
1.819288	0.003471	0.003471	0.000000
1.821890	0.003471	0.003471	0.000000
1.824493	0.003471	0.003471	0.000000
1.827096	0.003471	0.003471	0.000000
1.829698	0.003471	0.003471	0.000000
1.832301	0.003471	0.003471	0.000000
1.834903	0.003471	0.003471	0.000000
1.837506	0.003471	0.003471	0.000000
1.840109	0.003471	0.003471	0.000000
1.842711	0.003471	0.003471	0.000000
1.845314	0.003471	0.003471	0.000000
1.847916	0.003471	0.003471	0.000000
1.850519	0.003471	0.003471	0.000000
1.853122	0.003471	0.003471	0.000000
1.855724	0.003471	0.003471	0.000000
1.858327	0.003471	0.003471	0.000000
1.860929	0.003471	0.003471	0.000000
1.863532	0.003471	0.003471	0.000000
1.866135	0.003471	0.003471	0.000000
1.868737	0.003471	0.003471	0.000000
1.871340	0.003471	0.003471	0.000000
1.873942	0.003471	0.003471	0.000000
1.876545	0.003471	0.003471	0.000000
1.879148	0.003471	0.003471	0.000000
1.881750	0.003471	0.003471	0.000000
1.884353	0.003471	0.003471	0.000000
1.886955	0.003471	0.003471	0.000000
1.889558	0.003471	0.003471	0.000000
1.892161	0.003471	0.003471	0.000000
1.894763	0.003471	0.003471	0.000000
1.897366	0.003471	0.003471	0.000000
1.899968	0.003471	0.003471	0.000000
1.902571	0.003471	0.003471	0.000000
1.905174	0.003471	0.003471	0.000000
1.907776	0.003471	0.003471	0.000000
1.910379	0.003471	0.003471	0.000000
1.912981	0.003471	0.003471	0.000000
1.915584	0.003471	0.003471	0.000000
1.918187	0.003471	0.003471	0.000000
1.920789	0.003471	0.003471	0.000000
1.923392	0.003471	0.003471	0.000000
1.925994	0.003471	0.003471	0.000000
1.928597	0.003471	0.003471	0.000000
1.931200	0.003471	0.003471	0.000000
1.933802	0.003471	0.003471	0.000000
1.936405	0.003471	0.003471	0.000000
1.939008	0.003471	0.003471	0.000000
1.941610	0.003471	0.003471	0.000000
1.944213	0.003471	0.003471	0.000000
1.946815	0.003471	0.003471	0.000000
1.949418	0.003471	0.003471	0.000000
1.952021	0.003471	0.003471	0.000000
1.954623	0.003471	0.003471	0.000000
1.957226	0.003471	0.003471	0.000000
1.959828	0.003471	0.003471	0.000000
1.962431	0.003471	0.003471	0.000000
1.965034	0.003471	0.003471	0.000000
1.967636	0.003471	0.003471	0.000000
1.970239	0.003471	0.003471	0.000000
1.972841	0.003471	0.003471	0.000000
1.975444	0.003471	0.003471	0.000000
1.978047	0.003471	0.003471	0.000000
1.980649	0.003471	0.003471	0.000000
1.983252	0.003471	0.003471	0.000000
1.985854	0.003471	0.003471	0.000000
1.988457	0.003471	0.003471	0.000000
1.991060	0.003471	0.003471	0.000000
1.993662	0.003471	0.003471	0.000000
1.996265	0.003471	0.003471	0.000000
1.998867	0.003471	0.003471	0.000000
2.001470	0.003471	0.003471	0.000000
2.004073	0.003471	0.003471	0.000000
2.006675	0.003471	0.003471	0.000000
2.009278	0.003471	0.003471	0.000000
2.011880	0.003471	0.003471	0.000000
2.014483	0.003471	0.003471	0.000000
2.017086	0.003471	0.003471	0.000000
2.019688	0.003471	0.003471	0.000000
2.022291	0.003471	0.003471	0.000000
2.024893	0.003471	0.003471	0.000000
2.027496	0.003471	0.003471	0.000000
2.030099	0.003471	0.003471	0.000000
2.032701	0.003471	0.003471	0.000000
2.035304	0.003471	0.003471	0.000000
2.037906	0.003471	0.003471	0.000000
2.040509	0.003471	0.003471	0.000000
2.043112	0.003471	0.003471	0.000000
2.045714	0.003471	0.003471	0.000000
2.048317	0.003471	0.003471	0.000000
2.050919	0.003471	0.003471	0.000000
2.053522	0.003471	0.003471	0.000000
2.056125	0.003471	0.003471	0.000000
2.058727	0.003471	0.003471	0.000000
2.061330	0.003471	0.003471	0.000000
2.063932	0.003471	0.003471	0.000000
2.066535	0.003471	0.003471	0.000000
2.069138	0.003471	0.003471	0.000000
2.071740	0.003471	0.003471	0.000000
2.074343	0.003471	0.003471	0.000000
2.076945	0.003471	0.003471	0.000000
2.079548	0.003471	0.003471	0.000000
2.082151	0.003471	0.003471	0.000000
2.084753	0.003471	0.003471	0.000000
2.087356	0.003471	0.003471	0.000000
2.089958	0.003471	0.003471	0.000000
2.092561	0.003471	0.003471	0.000000
2.095164	0.003471	0.003471	0.000000
2.097766	0.003471	0.003471	0.000000
2.100369	0.003471	0.003471	0.000000
2.102971	0.003471	0.003471	0.000000
2.105574	0.003471	0.003471	0.000000
2.108177	0.003471	0.003471	0.000000
2.110779	0.003471	0.003471	0.000000
2.113382	0.003471	0.003471	0.000000
2.115984	0.003471	0.003471	0.000000
2.118587	0.003471	0.003471	0.000000
2.121190	0.003471	0.003471	0.000000
2.123792	0.003471	0.003471	0.000000
2.126395	0.003471	0.003471	0.000000
2.128997	0.003471	0.003471	0.000000
2.131600	0.003471	0.003471	0.000000
2.134203	0.003471	0.003471	0.000000
2.136805	0.003471	0.003471	0.000000
2.139408	0.003471	0.003471	0.000000
2.142011	0.003471	0.003471	0.000000
2.144613	0.003471	0.003471	0.000000
2.147216	0.003471	0.003471	0.000000
2.149818	0.003471	0.003471	0.000000
2.152421	0.003471	0.003471	0.000000
2.155024	0.003471	0.003471	0.000000
2.157626	0.003471	0.003471	0.000000
2.160229	0.003471	0.003471	0.000000
2.162831	0.003471	0.003471	0.000000
2.165434	0.003471	0.003471	0.000000
2.168037	0.003471	0.003471	0.000000
2.170639	0.003471	0.003471	0.000000
2.173242	0.003471	0.003471	0.000000
2.175844	0.003471	0.003471	0.000000
2.178447	0.003471	0.003471	0.000000
2.181050	0.003471	0.003471	0.000000
2.183652	0.003471	0.003471	0.000000
2.186255	0.003471	0.003471	0.000000
2.188857	0.003471	0.003471	0.000000
2.191460	0.003471	0.003471	0.000000
2.194063	0.003471	0.003471	0.000000
2.196665	0.003471	0.003471	0.000000
2.199268	0.003471	0.003471	0.000000
2.201870	0.003471	0.003471	0.000000
2.204473	0.003471	0.003471	0.000000
2.207076	0.003471	0.003471	0.000000
2.209678	0.003471	0.003471	0.000000
2.212281	0.003471	0.003471	0.000000
2.214883	0.003471	0.003471	0.000000
2.217486	0.003471	0.003471	0.000000
2.220089	0.003471	0.003471	0.000000
2.222691	0.003471	0.003471	0.000000
2.225294	0.003471	0.003471	0.000000
2.227896	0.003471	0.003471	0.000000
2.230499	0.003471	0.003471	0.000000
2.233102	0.003471	0.003471	0.000000
2.235704	0.003471	0.003471	0.000000
2.238307	0.003471	0.003471	0.000000
2.240909	0.003471	0.003471	0.000000
2.243512	0.003471	0.003471	0.000000
2.246115	0.003471	0.003471	0.000000
2.248717	0.003471	0.003471	0.000000
2.251320	0.003471	0.003471	0.000000
2.253922	0.003471	0.003471	0.000000
2.256525	0.003471	0.003471	0.000000
2.259128	0.003471	0.003471	0.000000
2.261730	0.003471	0.003471	0.000000
2.264333	0.003471	0.003471	0.000000
2.266935	0.003471	0.003471	0.000000
2.269538	0.003471	0.003471	0.000000
2.272141	0.003471	0.003471	0.000000
2.274743	0.003471	0.003471	0.000000
2.277346	0.003471	0.003471	0.000000
2.279948	0.003471	0.003471	0.000000
2.282551	0.003471	0.003471	0.000000
2.285154	0.003471	0.003471	0.000000
2.287756	0.003471	0.003471	0.000000
2.290359	0.003471	0.003471	0.000000
2.292961	0.003471	0.003471	0.000000
2.295564	0.003471	0.003471	0.000000
2.298167	0.003471	0.003471	0.000000
2.300769	0.003471	0.003471	0.000000
2.303372	0.003471	0.003471	0.000000
2.305974	0.003471	0.003471	0.000000
2.308577	0.003471	0.003471	0.000000
2.311180	0.003471	0.003471	0.000000
2.313782	0.003471	0.003471	0.000000
2.316385	0.003471	0.003471	0.000000
2.318987	0.003471	0.003471	0.000000
2.321590	0.003471	0.003471	0.000000
2.324193	0.003471	0.003471	0.000000
2.326795	0.003471	0.003472	0.000288
2.329398	0.003471	0.003472	0.000288
2.332001	0.003471	0.003472	0.000288
2.334603	0.003471	0.003472	0.000288
2.337206	0.003471	0.003472	0.000288
2.339808	0.003471	0.003472	0.000288
2.342411	0.003471	0.003472	0.000288
2.345014	0.003471	0.003472	0.000288
2.347616	0.003471	0.003472	0.000288
2.350219	0.003471	0.003472	0.000288
2.352821	0.003471	0.003472	0.000288
2.355424	0.003471	0.003472	0.000288
2.358027	0.003471	0.003472	0.000288
2.360629	0.003471	0.003472	0.000288
2.363232	0.003471	0.003472	0.000288
2.365834	0.003471	0.003472	0.000288
2.368437	0.003471	0.003472	0.000288
2.371040	0.003472	0.003472	0.000000
2.373642	0.003472	0.003472	0.000000
2.376245	0.003472	0.003472	0.000000
2.378847	0.003472	0.003472	0.000000
2.381450	0.003472	0.003473	0.000288
2.384053	0.003472	0.003473	0.000288
2.386655	0.003472	0.003473	0.000288
2.389258	0.003472	0.003473	0.000288
2.391860	0.003472	0.003473	0.000288
2.394463	0.003472	0.003473	0.000288
2.397066	0.003472	0.003473	0.000288
2.399668	0.003473	0.003473	0.000000
2.402271	0.003473	0.003473	0.000000
2.404873	0.003473	0.003473	0.000000
2.407476	0.003473	0.003473	0.000000
2.410079	0.003473	0.003473	0.000000
2.412681	0.003473	0.003474	0.000288
2.415284	0.003473	0.003474	0.000288
2.417886	0.003473	0.003474	0.000288
2.420489	0.003474	0.003475	0.000288
2.423092	0.003474	0.003475	0.000288
2.425694	0.003474	0.003475	0.000288
2.428297	0.003474	0.003475	0.000288
2.430899	0.003474	0.003476	0.000576
2.433502	0.003475	0.003476	0.000288
2.436105	0.003475	0.003476	0.000288
2.438707	0.003475	0.003477	0.000576
2.441310	0.003475	0.003477	0.000576
2.443912	0.003476	0.003477	0.000288
2.446515	0.003476	0.003477	0.000288
2.449118	0.003476	0.003478	0.000575
2.451720	0.003476	0.003478	0.000575
2.454323	0.003477	0.003478	0.000288
2.456925	0.003477	0.003479	0.000575
2.459528	0.003477	0.003479	0.000575
2.462131	0.003477	0.003479	0.000575
2.464733	0.003478	0.003479	0.000288
2.467336	0.003478	0.003480	0.000575
2.469938	0.003478	0.003480	0.000575
2.472541	0.003479	0.003480	0.000287
2.475144	0.003479	0.003481	0.000575
2.477746	0.003479	0.003481	0.000575
2.480349	0.003480	0.003481	0.000287
2.482951	0.003480	0.003481	0.000287
2.485554	0.003480	0.003482	0.000575
2.488157	0.003481	0.003482	0.000287
2.490759	0.003481	0.003482	0.000287
2.493362	0.003481	0.003483	0.000575
2.495964	0.003482	0.003483	0.000287
2.498567	0.003482	0.003483	0.000287
2.501170	0.003482	0.003483	0.000287
2.503772	0.003483	0.003484	0.000287
2.506375	0.003483	0.003484	0.000287
2.508977	0.003484	0.003484	0.000000
2.511580	0.003484	0.003485	0.000287
2.514183	0.003485	0.003485	0.000000
2.516785	0.003485	0.003486	0.000287
2.519388	0.003486	0.003486	0.000000
2.521990	0.003486	0.003487	0.000287
2.524593	0.003487	0.003488	0.000287
2.527196	0.003487	0.003488	0.000287
2.529798	0.003488	0.003489	0.000287
2.532401	0.003488	0.003490	0.000573
2.535004	0.003489	0.003490	0.000287
2.537606	0.003489	0.003491	0.000573
2.540209	0.003490	0.003492	0.000573
2.542811	0.003490	0.003492	0.000573
2.545414	0.003491	0.003493	0.000573
2.548017	0.003492	0.003494	0.000573
2.550619	0.003492	0.003495	0.000859
2.553222	0.003493	0.003495	0.000573
2.555824	0.003493	0.003496	0.000859
2.558427	0.003494	0.003497	0.000859
2.561030	0.003495	0.003497	0.000572
2.563632	0.003495	0.003498	0.000858
2.566235	0.003496	0.003499	0.000858
2.568837	0.003497	0.003499	0.000572
2.571440	0.003497	0.003500	0.000858
2.574043	0.003498	0.003501	0.000858
2.576645	0.003499	0.003502	0.000857
2.579248	0.003500	0.003502	0.000571
2.581850	0.003500	0.003503	0.000857
2.584453	0.003501	0.003504	0.000857
2.587056	0.003502	0.003504	0.000571
2.589658	0.003503	0.003505	0.000571
2.592261	0.003503	0.003506	0.000856
2.594863	0.003504	0.003506	0.000571
2.597466	0.003505	0.003507	0.000571
2.600069	0.003506	0.003508	0.000570
2.602671	0.003507	0.003509	0.000570
2.605274	0.003508	0.003509	0.000285
2.607876	0.003509	0.003510	0.000285
2.610479	0.003509	0.003511	0.000570
2.613082	0.003510	0.003511	0.000285
2.615684	0.003511	0.003512	0.000285
2.618287	0.003512	0.003513	0.000285
2.620889	0.003513	0.003513	0.000000
2.623492	0.003514	0.003514	0.000000
2.626095	0.003515	0.003516	0.000284
2.628697	0.003516	0.003518	0.000569
2.631300	0.003517	0.003519	0.000569
2.633902	0.003518	0.003521	0.000853
2.636505	0.003519	0.003523	0.001137
2.639108	0.003520	0.003524	0.001136
2.641710	0.003521	0.003526	0.001420
2.644313	0.003522	0.003528	0.001704
2.646915	0.003523	0.003529	0.001703
2.649518	0.003525	0.003531	0.001702
2.652121	0.003526	0.003533	0.001985
2.654723	0.003527	0.003534	0.001985
2.657326	0.003528	0.003536	0.002268
2.659928	0.003529	0.003538	0.002550
2.662531	0.003531	0.003539	0.002266
2.665134	0.003532	0.003541	0.002548
2.667736	0.003533	0.003543	0.002830
2.670339	0.003535	0.003544	0.002546
2.672941	0.003537	0.003546	0.002545
2.675544	0.003539	0.003548	0.002543
2.678147	0.003540	0.003550	0.002825
2.680749	0.003542	0.003551	0.002541
2.683352	0.003544	0.003553	0.002540
2.685954	0.003546	0.003555	0.002538
2.688557	0.003548	0.003556	0.002255
2.691160	0.003550	0.003558	0.002254
2.693762	0.003552	0.003560	0.002252
2.696365	0.003554	0.003561	0.001970
2.698967	0.003556	0.003563	0.001969
2.701570	0.003558	0.003565	0.001967
2.704173	0.003560	0.003566	0.001685
2.706775	0.003562	0.003568	0.001684
2.709378	0.003564	0.003570	0.001684
2.711980	0.003567	0.003571	0.001121
2.714583	0.003569	0.003573	0.001121
2.717186	0.003571	0.003575	0.001120
2.719788	0.003574	0.003576	0.000560
2.722391	0.003576	0.003578	0.000559
2.724993	0.003578	0.003580	0.000559
2.727596	0.003581	0.003581	0.000000
2.730199	0.003583	0.003583	0.000000
2.732801	0.003585	0.003585	0.000000
2.735404	0.003588	0.003588	0.000000
2.738007	0.003591	0.003591	0.000000
2.740609	0.003593	0.003594	0.000278
2.743212	0.003596	0.003597	0.000278
2.745814	0.003598	0.003600	0.000556
2.748417	0.003601	0.003603	0.000555
2.751020	0.003604	0.003606	0.000555
2.753622	0.003606	0.003609	0.000832
2.756225	0.003609	0.003612	0.000831
2.758827	0.003612	0.003615	0.000831
2.761430	0.003614	0.003618	0.001107
2.764033	0.003617	0.003621	0.001106
2.766635	0.003620	0.003624	0.001105
2.769238	0.003623	0.003627	0.001104
2.771840	0.003626	0.003630	0.001103
2.774443	0.003628	0.003633	0.001378
2.777046	0.003631	0.003636	0.001377
2.779648	0.003634	0.003639	0.001376
2.782251	0.003637	0.003642	0.001375
2.784853	0.003640	0.003645	0.001374
2.787456	0.003643	0.003648	0.001372
2.790059	0.003646	0.003650	0.001097
2.792661	0.003649	0.003653	0.001096
2.795264	0.003651	0.003656	0.001369
2.797866	0.003655	0.003659	0.001094
2.800469	0.003658	0.003662	0.001093
2.803072	0.003661	0.003665	0.001093
2.805674	0.003664	0.003668	0.001092
2.808277	0.003667	0.003671	0.001091
2.810879	0.003670	0.003674	0.001090
2.813482	0.003673	0.003677	0.001089
2.816085	0.003677	0.003680	0.000816
2.818687	0.003680	0.003683	0.000815
2.821290	0.003683	0.003686	0.000815
2.823892	0.003686	0.003689	0.000814
2.826495	0.003690	0.003692	0.000542
2.829098	0.003693	0.003695	0.000542
2.831700	0.003696	0.003698	0.000541
2.834303	0.003700	0.003701	0.000270
2.836905	0.003703	0.003704	0.000270
2.839508	0.003707	0.003707	0.000000
2.842111	0.003710	0.003710	0.000000
2.844713	0.003713	0.003714	0.000269
2.847316	0.003717	0.003717	0.000000
2.849918	0.003720	0.003721	0.000269
2.852521	0.003723	0.003724	0.000269
2.855124	0.003727	0.003728	0.000268
2.857726	0.003730	0.003731	0.000268
2.860329	0.003734	0.003735	0.000268
2.862931	0.003737	0.003738	0.000268
2.865534	0.003740	0.003742	0.000535
2.868137	0.003744	0.003745	0.000267
2.870739	0.003747	0.003749	0.000534
2.873342	0.003750	0.003752	0.000533
2.875944	0.003754	0.003756	0.000533
2.878547	0.003757	0.003760	0.000799
2.881150	0.003761	0.003763	0.000532
2.883752	0.003764	0.003767	0.000797
2.886355	0.003767	0.003770	0.000796
2.888957	0.003771	0.003774	0.000796
2.891560	0.003774	0.003777	0.000795
2.894163	0.003778	0.003781	0.000794
2.896765	0.003781	0.003784	0.000793
2.899368	0.003785	0.003788	0.000793
2.901970	0.003788	0.003791	0.000792
2.904573	0.003792	0.003795	0.000791
2.907176	0.003796	0.003798	0.000527
2.909778	0.003799	0.003802	0.000790
2.912381	0.003803	0.003805	0.000526
2.914983	0.003806	0.003809	0.000788
2.917586	0.003810	0.003813	0.000787
2.920189	0.003814	0.003816	0.000524
2.922791	0.003817	0.003820	0.000786
2.925394	0.003821	0.003823	0.000523
2.927996	0.003825	0.003827	0.000523
2.930599	0.003829	0.003830	0.000261
2.933202	0.003832	0.003834	0.000522
2.935804	0.003836	0.003837	0.000261
2.938407	0.003840	0.003841	0.000260
2.941010	0.003844	0.003844	0.000000
2.943612	0.003848	0.003848	0.000000
2.946215	0.003851	0.003851	0.000000
2.948817	0.003855	0.003855	0.000000
2.951420	0.003859	0.003859	0.000000
2.954023	0.003863	0.003863	0.000000
2.956625	0.003867	0.003867	0.000000
2.959228	0.003871	0.003871	0.000000
2.961830	0.003874	0.003874	0.000000
2.964433	0.003878	0.003878	0.000000
2.967036	0.003882	0.003882	0.000000
2.969638	0.003886	0.003886	0.000000
2.972241	0.003890	0.003890	0.000000
2.974843	0.003894	0.003894	0.000000
2.977446	0.003898	0.003898	0.000000
2.980049	0.003902	0.003902	0.000000
2.982651	0.003905	0.003906	0.000256
2.985254	0.003909	0.003909	0.000000
2.987856	0.003913	0.003913	0.000000
2.990459	0.003917	0.003917	0.000000
2.993062	0.003921	0.003921	0.000000
2.995664	0.003925	0.003925	0.000000
2.998267	0.003929	0.003929	0.000000
3.000869	0.003932	0.003933	0.000254
3.003472	0.003936	0.003937	0.000254
3.006075	0.003940	0.003941	0.000254
3.008677	0.003944	0.003944	0.000000
3.011280	0.003948	0.003948	0.000000
3.013882	0.003952	0.003952	0.000000
3.016485	0.003956	0.003956	0.000000
3.019088	0.003959	0.003960	0.000253
3.021690	0.003963	0.003964	0.000252
3.024293	0.003967	0.003968	0.000252
3.026895	0.003971	0.003972	0.000252
3.029498	0.003975	0.003976	0.000252
3.032101	0.003979	0.003980	0.000251
3.034703	0.003983	0.003983	0.000000
3.037306	0.003987	0.003987	0.000000
3.039908	0.003991	0.003991	0.000000
3.042511	0.003995	0.003995	0.000000
3.045114	0.003998	0.003999	0.000250
3.047716	0.004002	0.004003	0.000250
3.050319	0.004006	0.004007	0.000250
3.052921	0.004010	0.004011	0.000249
3.055524	0.004014	0.004015	0.000249
3.058127	0.004018	0.004018	0.000000
3.060729	0.004022	0.004022	0.000000
3.063332	0.004026	0.004026	0.000000
3.065934	0.004030	0.004030	0.000000
3.068537	0.004034	0.004034	0.000000
3.071140	0.004038	0.004038	0.000000
3.073742	0.004042	0.004042	0.000000
3.076345	0.004046	0.004046	0.000000
3.078947	0.004050	0.004050	0.000000
3.081550	0.004053	0.004054	0.000247
3.084153	0.004057	0.004058	0.000246
3.086755	0.004061	0.004062	0.000246
3.089358	0.004065	0.004065	0.000000
3.091960	0.004069	0.004069	0.000000
3.094563	0.004073	0.004073	0.000000
3.097166	0.004077	0.004077	0.000000
3.099768	0.004081	0.004081	0.000000
3.102371	0.004085	0.004085	0.000000
3.104973	0.004089	0.004089	0.000000
3.107576	0.004093	0.004093	0.000000
3.110179	0.004096	0.004097	0.000244
3.112781	0.004100	0.004101	0.000244
3.115384	0.004104	0.004105	0.000244
3.117986	0.004108	0.004109	0.000243
3.120589	0.004112	0.004112	0.000000
3.123192	0.004116	0.004116	0.000000
3.125794	0.004120	0.004120	0.000000
3.128397	0.004124	0.004124	0.000000
3.130999	0.004128	0.004128	0.000000
3.133602	0.004132	0.004132	0.000000
3.136205	0.004136	0.004136	0.000000
3.138807	0.004139	0.004140	0.000242
3.141410	0.004143	0.004144	0.000241
3.144013	0.004147	0.004148	0.000241
3.146615	0.004151	0.004152	0.000241
3.149218	0.004155	0.004156	0.000241
3.151820	0.004159	0.004159	0.000000
3.154423	0.004163	0.004163	0.000000
3.157026	0.004167	0.004167	0.000000
3.159628	0.004171	0.004171	0.000000
3.162231	0.004175	0.004175	0.000000
3.164833	0.004179	0.004179	0.000000
3.167436	0.004183	0.004183	0.000000
3.170039	0.004187	0.004187	0.000000
3.172641	0.004191	0.004191	0.000000
3.175244	0.004195	0.004195	0.000000
3.177846	0.004198	0.004199	0.000238
3.180449	0.004202	0.004203	0.000238
3.183052	0.004206	0.004207	0.000238
3.185654	0.004210	0.004211	0.000238
3.188257	0.004214	0.004214	0.000000
3.190859	0.004218	0.004218	0.000000
3.193462	0.004222	0.004222	0.000000
3.196065	0.004226	0.004226	0.000000
3.198667	0.004230	0.004230	0.000000
3.201270	0.004234	0.004234	0.000000
3.203872	0.004238	0.004238	0.000000
3.206475	0.004242	0.004242	0.000000
3.209078	0.004246	0.004246	0.000000
3.211680	0.004250	0.004250	0.000000
3.214283	0.004254	0.004254	0.000000
3.216885	0.004258	0.004258	0.000000
3.219488	0.004262	0.004262	0.000000
3.222091	0.004266	0.004266	0.000000
3.224693	0.004269	0.004270	0.000234
3.227296	0.004273	0.004274	0.000234
3.229898	0.004277	0.004277	0.000000
3.232501	0.004281	0.004281	0.000000
3.235104	0.004285	0.004285	0.000000
3.237706	0.004289	0.004289	0.000000
3.240309	0.004293	0.004293	0.000000
3.242911	0.004297	0.004297	0.000000
3.245514	0.004301	0.004301	0.000000
3.248117	0.004305	0.004305	0.000000
3.250719	0.004309	0.004309	0.000000
3.253322	0.004313	0.004313	0.000000
3.255924	0.004317	0.004317	0.000000
3.258527	0.004321	0.004321	0.000000
3.261130	0.004325	0.004325	0.000000
3.263732	0.004329	0.004329	0.000000
3.266335	0.004333	0.004333	0.000000
3.268937	0.004337	0.004337	0.000000
3.271540	0.004341	0.004341	0.000000
3.274143	0.004345	0.004344	0.000230
3.276745	0.004349	0.004348	0.000230
3.279348	0.004353	0.004352	0.000230
3.281950	0.004357	0.004356	0.000230
3.284553	0.004360	0.004360	0.000000
3.287156	0.004364	0.004364	0.000000
3.289758	0.004368	0.004368	0.000000
3.292361	0.004372	0.004372	0.000000
3.294963	0.004376	0.004376	0.000000
3.297566	0.004380	0.004380	0.000000
3.300169	0.004384	0.004384	0.000000
3.302771	0.004388	0.004388	0.000000
3.305374	0.004392	0.004392	0.000000
3.307976	0.004396	0.004396	0.000000
3.310579	0.004400	0.004400	0.000000
3.313182	0.004404	0.004404	0.000000
3.315784	0.004408	0.004408	0.000000
3.318387	0.004412	0.004412	0.000000
3.320989	0.004416	0.004416	0.000000
3.323592	0.004420	0.004420	0.000000
3.326195	0.004424	0.004424	0.000000
3.328797	0.004428	0.004428	0.000000
3.331400	0.004432	0.004432	0.000000
3.334003	0.004436	0.004436	0.000000
3.336605	0.004440	0.004440	0.000000
3.339208	0.004444	0.004444	0.000000
3.341810	0.004448	0.004448	0.000000
3.344413	0.004452	0.004452	0.000000
3.347016	0.004456	0.004455	0.000224
3.349618	0.004459	0.004459	0.000000
3.352221	0.004463	0.004463	0.000000
3.354823	0.004467	0.004467	0.000000
3.357426	0.004471	0.004471	0.000000
3.360029	0.004475	0.004475	0.000000
3.362631	0.004479	0.004479	0.000000
3.365234	0.004483	0.004483	0.000000
3.367836	0.004487	0.004487	0.000000
3.370439	0.004491	0.004491	0.000000
3.373042	0.004495	0.004495	0.000000
3.375644	0.004499	0.004499	0.000000
3.378247	0.004503	0.004503	0.000000
3.380849	0.004507	0.004507	0.000000
3.383452	0.004511	0.004511	0.000000
3.386055	0.004515	0.004515	0.000000
3.388657	0.004519	0.004519	0.000000
3.391260	0.004523	0.004523	0.000000
3.393862	0.004527	0.004527	0.000000
3.396465	0.004531	0.004531	0.000000
3.399068	0.004535	0.004535	0.000000
3.401670	0.004539	0.004539	0.000000
3.404273	0.004542	0.004542	0.000000
3.406875	0.004546	0.004546	0.000000
3.409478	0.004550	0.004550	0.000000
3.412081	0.004554	0.004554	0.000000
3.414683	0.004558	0.004558	0.000000
3.417286	0.004562	0.004562	0.000000
3.419888	0.004566	0.004566	0.000000
3.422491	0.004570	0.004570	0.000000
3.425094	0.004574	0.004574	0.000000
3.427696	0.004578	0.004578	0.000000
3.430299	0.004582	0.004582	0.000000
3.432901	0.004586	0.004586	0.000000
3.435504	0.004590	0.004590	0.000000
3.438107	0.004594	0.004594	0.000000
3.440709	0.004598	0.004598	0.000000
3.443312	0.004602	0.004602	0.000000
3.445914	0.004605	0.004606	0.000217
3.448517	0.004609	0.004609	0.000000
3.451120	0.004613	0.004613	0.000000
3.453722	0.004617	0.004617	0.000000
3.456325	0.004621	0.004621	0.000000
3.458927	0.004625	0.004625	0.000000
3.461530	0.004629	0.004629	0.000000
3.464133	0.004633	0.004633	0.000000
3.466735	0.004637	0.004637	0.000000
3.469338	0.004641	0.004641	0.000000
3.471940	0.004645	0.004645	0.000000
3.474543	0.004649	0.004649	0.000000
3.477146	0.004653	0.004653	0.000000
3.479748	0.004656	0.004657	0.000215
3.482351	0.004660	0.004661	0.000215
3.484953	0.004664	0.004665	0.000214
3.487556	0.004668	0.004669	0.000214
3.490159	0.004672	0.004672	0.000000
3.492761	0.004676	0.004676	0.000000
3.495364	0.004680	0.004680	0.000000
3.497966	0.004684	0.004684	0.000000
3.500569	0.004688	0.004688	0.000000
3.503172	0.004692	0.004692	0.000000
3.505774	0.004696	0.004696	0.000000
3.508377	0.004699	0.004700	0.000213
3.510979	0.004703	0.004703	0.000000
3.513582	0.004707	0.004707	0.000000
3.516185	0.004711	0.004711	0.000000
3.518787	0.004715	0.004715	0.000000
3.521390	0.004719	0.004719	0.000000
3.523992	0.004723	0.004723	0.000000
3.526595	0.004727	0.004727	0.000000
3.529198	0.004731	0.004731	0.000000
3.531800	0.004735	0.004734	0.000211
3.534403	0.004738	0.004738	0.000000
3.537006	0.004742	0.004742	0.000000
3.539608	0.004746	0.004746	0.000000
3.542211	0.004750	0.004750	0.000000
3.544813	0.004754	0.004754	0.000000
3.547416	0.004758	0.004758	0.000000
3.550019	0.004762	0.004761	0.000210
3.552621	0.004766	0.004765	0.000210
3.555224	0.004769	0.004769	0.000000
3.557826	0.004773	0.004773	0.000000
3.560429	0.004777	0.004777	0.000000
3.563032	0.004781	0.004781	0.000000
3.565634	0.004785	0.004785	0.000000
3.568237	0.004789	0.004789	0.000000
3.570839	0.004793	0.004792	0.000209
3.573442	0.004796	0.004796	0.000000
3.576045	0.004800	0.004800	0.000000
3.578647	0.004804	0.004804	0.000000
3.581250	0.004808	0.004808	0.000000
3.583852	0.004812	0.004812	0.000000
3.586455	0.004816	0.004816	0.000000
3.589058	0.004820	0.004819	0.000207
3.591660	0.004824	0.004823	0.000207
3.594263	0.004827	0.004827	0.000000
3.596865	0.004831	0.004831	0.000000
3.599468	0.004835	0.004835	0.000000
3.602071	0.004839	0.004839	0.000000
3.604673	0.004843	0.004843	0.000000
3.607276	0.004847	0.004846	0.000206
3.609878	0.004851	0.004850	0.000206
3.612481	0.004854	0.004854	0.000000
3.615084	0.004858	0.004858	0.000000
3.617686	0.004862	0.004862	0.000000
3.620289	0.004866	0.004865	0.000206
3.622891	0.004870	0.004869	0.000205
3.625494	0.004874	0.004873	0.000205
3.628097	0.004877	0.004877	0.000000
3.630699	0.004881	0.004881	0.000000
3.633302	0.004885	0.004885	0.000000
3.635904	0.004889	0.004888	0.000205
3.638507	0.004893	0.004892	0.000204
3.641110	0.004896	0.004896	0.000000
3.643712	0.004900	0.004900	0.000000
3.646315	0.004904	0.004904	0.000000
3.648917	0.004908	0.004907	0.000204
3.651520	0.004912	0.004911	0.000204
3.654123	0.004916	0.004915	0.000203
3.656725	0.004919	0.004919	0.000000
3.659328	0.004923	0.004923	0.000000
3.661930	0.004927	0.004927	0.000000
3.664533	0.004931	0.004930	0.000203
3.667136	0.004935	0.004934	0.000203
3.669738	0.004938	0.004938	0.000000
3.672341	0.004942	0.004942	0.000000
3.674943	0.004946	0.004946	0.000000
3.677546	0.004950	0.004950	0.000000
3.680149	0.004954	0.004953	0.000202
3.682751	0.004957	0.004957	0.000000
3.685354	0.004961	0.004961	0.000000
3.687956	0.004965	0.004965	0.000000
3.690559	0.004969	0.004969	0.000000
3.693162	0.004972	0.004972	0.000000
3.695764	0.004976	0.004976	0.000000
3.698367	0.004980	0.004980	0.000000
3.700969	0.004984	0.004984	0.000000
3.703572	0.004988	0.004988	0.000000
3.706175	0.004991	0.004992	0.000200
3.708777	0.004995	0.004995	0.000000
3.711380	0.004999	0.004999	0.000000
3.713982	0.005003	0.005003	0.000000
3.716585	0.005006	0.005006	0.000000
3.719188	0.005010	0.005010	0.000000
3.721790	0.005014	0.005014	0.000000
3.724393	0.005018	0.005018	0.000000
3.726995	0.005021	0.005021	0.000000
3.729598	0.005025	0.005025	0.000000
3.732201	0.005029	0.005029	0.000000
3.734803	0.005033	0.005032	0.000199
3.737406	0.005036	0.005036	0.000000
3.740009	0.005040	0.005040	0.000000
3.742611	0.005044	0.005044	0.000000
3.745214	0.005048	0.005047	0.000198
3.747816	0.005051	0.005051	0.000000
3.750419	0.005055	0.005055	0.000000
3.753022	0.005059	0.005059	0.000000
3.755624	0.005062	0.005062	0.000000
3.758227	0.005066	0.005066	0.000000
3.760829	0.005070	0.005070	0.000000
3.763432	0.005074	0.005073	0.000197
3.766035	0.005077	0.005077	0.000000
3.768637	0.005081	0.005081	0.000000
3.771240	0.005085	0.005085	0.000000
3.773842	0.005088	0.005088	0.000000
3.776445	0.005092	0.005092	0.000000
3.779048	0.005096	0.005096	0.000000
3.781650	0.005100	0.005100	0.000000
3.784253	0.005103	0.005103	0.000000
3.786855	0.005107	0.005107	0.000000
3.789458	0.005111	0.005111	0.000000
3.792061	0.005114	0.005114	0.000000
3.794663	0.005118	0.005118	0.000000
3.797266	0.005122	0.005122	0.000000
3.799868	0.005125	0.005126	0.000195
3.802471	0.005129	0.005129	0.000000
3.805074	0.005133	0.005133	0.000000
3.807676	0.005137	0.005137	0.000000
3.810279	0.005140	0.005140	0.000000
3.812881	0.005144	0.005144	0.000000
3.815484	0.005148	0.005148	0.000000
3.818087	0.005151	0.005152	0.000194
3.820689	0.005155	0.005155	0.000000
3.823292	0.005159	0.005159	0.000000
3.825894	0.005162	0.005162	0.000000
3.828497	0.005166	0.005166	0.000000
3.831100	0.005170	0.005170	0.000000
3.833702	0.005173	0.005173	0.000000
3.836305	0.005177	0.005177	0.000000
3.838907	0.005181	0.005180	0.000193
3.841510	0.005184	0.005184	0.000000
3.844113	0.005188	0.005188	0.000000
3.846715	0.005191	0.005191	0.000000
3.849318	0.005195	0.005195	0.000000
3.851920	0.005199	0.005198	0.000192
3.854523	0.005202	0.005202	0.000000
3.857126	0.005206	0.005206	0.000000
3.859728	0.005210	0.005209	0.000192
3.862331	0.005213	0.005213	0.000000
3.864933	0.005217	0.005216	0.000192
3.867536	0.005221	0.005220	0.000192
3.870139	0.005224	0.005224	0.000000
3.872741	0.005228	0.005227	0.000191
3.875344	0.005231	0.005231	0.000000
3.877946	0.005235	0.005234	0.000191
3.880549	0.005239	0.005238	0.000191
3.883152	0.005242	0.005242	0.000000
3.885754	0.005246	0.005245	0.000191
3.888357	0.005249	0.005249	0.000000
3.890959	0.005253	0.005252	0.000190
3.893562	0.005257	0.005256	0.000190
3.896165	0.005260	0.005260	0.000000
3.898767	0.005264	0.005263	0.000190
3.901370	0.005267	0.005267	0.000000
3.903972	0.005271	0.005270	0.000190
3.906575	0.005275	0.005274	0.000190
3.909178	0.005278	0.005278	0.000000
3.911780	0.005282	0.005281	0.000189
3.914383	0.005285	0.005285	0.000000
3.916985	0.005289	0.005288	0.000189
3.919588	0.005293	0.005292	0.000189
3.922191	0.005296	0.005296	0.000000
3.924793	0.005300	0.005299	0.000189
3.927396	0.005303	0.005303	0.000000
3.929998	0.005307	0.005306	0.000188
3.932601	0.005310	0.005310	0.000000
3.935204	0.005314	0.005313	0.000188
3.937806	0.005318	0.005317	0.000188
3.940409	0.005321	0.005320	0.000188
3.943012	0.005325	0.005324	0.000188
3.945614	0.005328	0.005327	0.000188
3.948217	0.005332	0.005331	0.000188
3.950819	0.005335	0.005335	0.000000
3.953422	0.005339	0.005338	0.000187
3.956025	0.005342	0.005342	0.000000
3.958627	0.005346	0.005345	0.000187
3.961230	0.005349	0.005349	0.000000
3.963832	0.005353	0.005352	0.000187
3.966435	0.005357	0.005356	0.000187
3.969038	0.005360	0.005359	0.000187
3.971640	0.005364	0.005363	0.000186
3.974243	0.005367	0.005366	0.000186
3.976845	0.005371	0.005370	0.000186
3.979448	0.005374	0.005373	0.000186
3.982051	0.005378	0.005377	0.000186
3.984653	0.005381	0.005380	0.000186
3.987256	0.005385	0.005384	0.000186
3.989858	0.005388	0.005387	0.000186
3.992461	0.005392	0.005391	0.000185
3.995064	0.005395	0.005395	0.000000
3.997666	0.005399	0.005398	0.000185
4.000269	0.005402	0.005402	0.000000
4.002871	0.005406	0.005405	0.000185
4.005474	0.005409	0.005409	0.000000
4.008077	0.005413	0.005412	0.000185
4.010679	0.005416	0.005416	0.000000
4.013282	0.005420	0.005419	0.000185
4.015884	0.005423	0.005423	0.000000
4.018487	0.005427	0.005426	0.000184
4.021090	0.005430	0.005430	0.000000
4.023692	0.005434	0.005433	0.000184
4.026295	0.005437	0.005437	0.000000
4.028897	0.005441	0.005440	0.000184
4.031500	0.005444	0.005444	0.000000
